20 70
0 1
0 2
0 3
0 4
0 5
0 6
0 8
0 9
0 10
0 12
0 13
0 14
0 16
0 18
1 0
1 2
1 3
1 4
1 5
1 7
1 10
1 11
1 13
2 0
2 1
2 3
2 4
2 6
2 17
3 0
3 1
3 2
3 4
3 5
3 6
3 7
3 8
3 9
3 11
3 12
3 13
3 14
3 17
4 1
4 2
4 3
4 0
4 5
4 7
4 8
4 10
4 11
4 12
4 13
4 17
4 18
4 19
5 3
5 1
5 0
5 4
5 6
5 7
5 8
6 5
6 2
6 0
6 3
6 10
6 11
6 15
7 3
7 1
7 4
7 5
7 9
7 15
8 3
8 0
8 4
8 5
8 9
8 14
8 16
8 19
9 3
9 0
9 7
9 8
9 12
9 14
9 15
9 16
9 18
10 0
10 4
10 6
10 1
11 3
11 1
11 4
11 6
11 17
11 18
12 4
12 3
12 9
12 0
12 15
12 19
13 4
13 1
13 0
13 3
13 19
14 3
14 9
14 8
14 0
14 16
15 7
15 6
15 9
15 12
16 9
16 8
16 14
16 0
17 11
17 4
17 2
17 3
18 9
18 11
18 4
18 0
19 12
19 8
19 4
19 13
