0.9714 8.2 4.95779
0.9772 6 2.8483
0.9631 7.75 4.91454
0.9413 7 4.36155
0.9766 7 3.80415
0.9751 7 3.41145
0.9661 8 4.84827
0.9582 8 5.46764
0.9719 6.45 2.9585
0.9592 6.95 4.17423
0.9587 7.95 5.51649
0.9704 7.7 4.447
0.9518 7.5 4.19722
0.9573 7.2 3.98999
0.9739 8.25 4.82973
0.9355 8.1 5.2082
0.976 8 5.99379
0.9537 8 4.60126
0.9642 6.85 3.63403
0.9621 8 4.51612
0.9832 6 2.32221
0.9442 7.65 4.60475
0.9747 7 4.02537
0.9615 6.95 3.69146
0.968 7.8 4.90271
0.9554 6.75 3.77274
0.968 6.95 4.13631
0.9262 7.4 4.3497
0.9615 8 6.2717
0.9717 8 5.43225
0.948 7.95 4.91406
0.9561 8.95 6.95332
0.9347 7.5 4.54589
0.9772 7 3.97126
0.9722 6.8 3.94451
0.9686 6.95 3.94079
0.964 7.4 4.33226
0.9804 7 3.73533
0.9525 5.3 2.47154
0.9624 7.8 4.70104
0.98 6.95 4.08732
0.9712 7 3.81209
0.9272 8.05 4.80334
0.9777 6 2.55697
0.9637 8 5.18283
0.9577 7.45 4.56218
0.9752 7.75 5.56367
0.9755 7 4.44566
0.9778 7 3.76196
0.9492 6.45 3.00849
0.9667 7.8 5.0191
0.9457 7.85 4.6233
0.9376 7.05 3.23932
0.9614 7 3.69883
0.9612 7.95 4.85364
0.9742 7 4.34657
0.9655 7 4.27171
0.9816 7.05 3.92091
0.9675 7.8 4.74585
0.9608 7 3.58031
0.9627 8 5.52295
0.984 6 3.01248
0.9745 7 3.48773
0.9733 8 4.3653
0.9739 7 4.83163
0.9651 7.9 5.52297
0.9754 6.95 3.49765
0.9574 9 6.75735
0.9607 6 2.6682
0.9656 7.35 3.92994
0.9646 7.9 5.71417
0.958 7.5 4.76616
0.9658 6.95 3.53473
0.9315 8.2 5.51743
0.9719 7.25 4.65327
0.9744 8 5.078
0.976 7 3.12747
0.9664 7 4.44993
0.9744 8 5.40837
0.9848 6 2.80327
0.974 6.85 3.99546
0.9819 7 3.77553
0.9862 6 2.81984
0.9464 7 3.8833
0.9717 7.35 4.72795
0.967 7 4.15788
0.9583 8 5.90428
0.9744 7 3.77965
0.978 7 4.03851
0.9748 8 4.9561
0.9773 6.95 4.41218
0.9557 7 4.04918
0.9784 7 4.07109
0.9793 6.95 3.73029
0.9592 6.95 4.33975
0.9492 7.9 4.68636
0.9738 7.8 4.40472
0.9669 6 2.73477
0.9837 7.4 4.20721
0.9766 7 4.66709
0.9477 7.8 4.83778
0.9702 7.95 5.201
0.9732 7 3.90549
0.9343 7.8 4.56217
0.9818 7 3.99837
0.9735 6.95 4.27782
0.9651 8 4.25402
0.9807 7.45 4.86325
0.9509 8.9 6.73133
0.9689 7 4.83226
0.9313 8.8 6.69413
0.9449 7.2 4.66103
0.9716 6 3.37039
0.9765 7.3 4.42957
0.9841 6 2.51283
0.965 7.95 4.984
0.9815 7 4.23636
0.9423 8 4.87761
0.9684 6.55 3.79212
0.943 7.25 3.64646
0.9581 7.1 3.90518
0.9488 7.85 4.42807
0.986 6 3.41022
0.9681 7.95 5.5194
0.9666 6.55 3.64548
0.954 8 4.45958
0.9717 7 3.90336
0.959 8.15 5.74271
0.9683 7 4.0647
0.963 8 4.81112
0.9531 6.8 3.66184
0.97 6.05 2.69581
0.9759 7 3.78346
0.9647 7 3.39637
0.971 7 3.96736
0.9656 8 4.65557
0.9609 6.9 3.82136
0.9887 5 1.48018
0.9561 8 5.58741
0.9514 8 5.02111
0.9642 7.45 4.51883
0.9596 7 5.12103
0.9685 8 5.48147
0.9541 8.85 6.71901
0.9817 7 3.89861
0.9635 6.4 3.46033
0.9776 6.4 2.86763
0.9608 7.35 4.21578
0.9665 7.55 4.75205
0.9359 8.9 6.54618
0.9426 7.9 4.99732
0.9795 6.1 2.75112
0.9428 8.95 7.54517
0.9729 7.1 3.87243
0.971 7.65 4.72309
0.9749 6 2.62975
0.9574 7.95 4.76641
0.9641 8 5.11134
0.9539 8.8 6.77615
0.9603 7.9 5.06839
0.9712 7.05 4.62038
0.9788 8 5.09464
0.9789 7 3.71293
0.9602 7.65 5.15414
0.9738 8 5.54025
0.9685 8 5.43786
0.9647 7.05 3.75576
0.9806 6 2.90952
0.956 7.85 5.48503
0.9497 7.95 4.90759
0.9734 6.95 4.24592
0.9627 7 3.84977
0.972 8 5.55069
0.9614 8.05 4.93259
0.9802 6 2.7213
0.9711 6.9 4.41251
0.9672 7.7 4.77341
0.9798 7 3.69448
0.9713 7.95 6.13195
0.974 7 3.76466
0.9503 7.9 5.11287
0.9634 5.95 2.56699
0.9574 8.15 5.10994
0.9525 7.4 4.20509
0.9743 6.9 4.4364
0.9699 7.95 5.45531
0.9349 6.95 4.20839
0.9699 8 5.75859
0.9624 8.05 5.18277
0.9528 7.85 4.89265
0.9805 6 2.29881
0.9671 7 3.81649
0.9562 8 4.8366
0.9744 7.1 3.83248
0.956 7.9 4.92498
0.9659 7.05 3.70343
0.9583 7.9 5.20684
0.9683 6.95 3.92143
0.9474 7 4.24127
0.9608 7.8 5.0848
0.9629 7.75 4.484
0.9701 6.85 3.8641
0.9543 8.5 5.94477
0.9565 7 3.71603
0.9684 7.9 5.08043
0.9682 6.8 4.34808
0.982 6 3.09004
0.9554 8 5.30539
0.961 6.8 4.31588
0.9858 6 2.64945
0.9331 7.7 4.68656
0.9756 7.95 4.61044
0.9522 7.6 4.28341
0.957 8 5.38141
0.9636 6.95 4.02912
0.9745 5.95 2.84343
0.9679 6.2 3.16684
0.9795 6.9 4.61985
0.9653 8.9 7.44267
0.96 7.3 4.49833
0.9274 7.55 5.21834
0.9732 7 4.17518
0.9736 7.35 4.17751
0.9837 6 2.75187
0.966 9 6.61498
0.9668 6.9 3.21221
0.9701 7 3.5487
0.944 7.5 5.28455
0.9762 8 5.59039
0.9679 7 3.38512
0.9697 7 4.34495
0.9727 6.9 4.09833
0.9867 6 2.87745
0.9764 7 4.13528
0.9523 7.75 4.42687
0.9701 7 3.84
0.9567 7.2 4.2866
0.9569 8.9 7.1588
0.9742 6.7 3.3565
0.971 8 5.38692
0.9157 8.65 6.5496
0.9739 6 3.08992
0.9683 7.7 5.39167
0.9513 7.2 3.68128
0.9712 8 4.88462
0.9289 6.75 3.76482
0.973 7 4.08099
0.9561 8 5.89825
0.958 7.25 4.8307
0.9617 6.85 3.21501
0.9699 8 6.06405
0.9762 7 4.63968
0.9764 6.95 3.98558
0.9633 7 3.62089
0.959 7.15 4.08198
0.9529 8.05 4.68565
0.9739 6.2 3.12728
0.9618 7.85 4.3879
0.9486 8.05 4.56547
0.9613 8 5.02161
0.9582 6.5 3.31209
0.9366 7 3.69072
0.9473 7 3.84453
0.9865 6 2.81663
0.971 7 4.35443
0.9837 7 3.73372
0.9698 7 3.69728
0.9652 7 3.12708
0.9779 7.55 5.31507
0.9756 8 4.40242
0.9747 7 3.44638
0.9798 5.9 2.30979
0.9645 8 5.01549
0.9544 7.35 4.16047
0.9627 8 5.34607
0.9587 9.05 6.60904
0.9432 8.55 7.23663
0.9375 7 3.99433
0.9403 7.6 4.41341
0.9759 8.15 5.43712
0.9483 7.9 4.8862
0.9604 6.85 3.47003
0.9806 7 3.36943
0.9341 8 4.74892
0.983 7 4.01437
0.9682 7.05 3.93684
0.9724 7 4.38831
0.9644 6.95 4.79833
0.9625 8 5.60539
0.9612 7 3.59012
0.973 7 3.87897
0.9762 7 4.06916
0.9444 7.5 4.72431
0.9571 8.85 7.90838
0.9856 7 3.80104
0.9626 8 5.05338
0.9846 6.3 2.77403
0.9522 8.7 6.03987
0.9716 7.2 4.55796
0.9747 7.25 5.00352
0.9707 7.95 5.2805
0.9732 6 3.18688
0.9562 8 5.91598
0.9806 6.25 3.18735
0.9735 8 5.43384
0.974 8.1 5.14207
0.9661 7.75 4.61629
0.9601 7.75 5.11807
0.9679 7 4.25794
0.9581 7.4 4.44393
0.9795 6.95 4.09334
0.9706 8.4 6.17774
0.9549 9 6.92824
0.9629 7 3.50124
0.9571 6.7 3.55153
0.9746 7 3.89822
0.9736 7 4.5754
0.9578 7.55 4.22379
0.9724 6.85 4.03314
0.9732 8 4.95924
0.9689 8.95 7.27391
0.9634 5.5 2.7033
0.9618 8 5.12093
0.9277 8.05 5.2092
0.971 8 5.36833
0.9523 7.15 4.28637
0.9689 6.45 3.65307
0.9708 7 3.61085
0.9651 6.4 3.85473
0.9594 6.95 4.36746
0.9626 7.15 4.51055
0.9705 6.3 3.20299
0.9709 6 3.35777
0.9761 8 4.59802
0.9503 8.15 5.54027
0.9853 6 2.47265
0.9797 5.95 3.12813
0.9791 6.95 4.0842
0.9453 8.6 6.09024
0.9825 6 2.99717
0.968 5.9 2.69514
0.9629 6.85 4.1908
0.9557 7 3.85456
0.9692 7.7 4.94985
0.9858 7 3.40895
0.9639 6.75 3.41078
0.9625 8 5.60801
0.9584 7.95 4.54969
0.958 8.5 5.79939
0.9815 8.45 6.65422
0.9693 6.5 3.43356
0.9488 9 6.60402
0.9751 7.35 3.85809
0.9739 8 4.95874
0.9813 6 2.9885
0.9461 7.9 5.50577
0.9598 8.45 6.01913
0.9606 8.9 6.75572
0.9575 8 5.05103
0.968 8.35 5.94735
0.9597 7.75 5.19115
0.9689 6.7 4.25814
0.9859 6 2.79045
0.9816 6 2.75854
0.959 7 4.2691
0.9826 7 3.9999
0.9574 8.7 6.50257
0.97 7 4.11083
0.9769 6.95 3.54735
0.9675 7.25 3.98195
0.9689 7 3.89752
0.975 6.05 3.79198
0.9674 8 5.45566
0.9627 9.3 8.27487
0.9809 6 2.64769
0.9737 6 2.52068
0.9658 6 3.35013
0.9844 7 4.40779
0.9559 7.05 4.73691
0.9427 7 3.57073
0.9447 6.85 3.69724
0.9483 8.25 5.41332
0.9725 8 5.23196
0.9674 7.95 5.60889
0.9781 6.1 3.09407
0.9817 7 3.79878
0.9394 7.05 4.31374
0.9531 8 4.68085
0.9695 7 3.94774
0.9573 7 4.27123
0.9791 7 4.55362
0.9642 8 5.32988
0.9574 8.7 6.97638
0.9693 7 3.67771
0.964 7.65 5.16318
0.9716 7 4.15841
0.9662 7 4.11433
0.9373 7.9 4.82888
0.9463 7.45 4.32938
0.9403 7 4.44977
0.946 7 4.02727
0.9693 7.3 4.30894
0.9356 7.7 4.68482
0.9173 8.85 6.7619
0.9695 7.5 4.44149
0.9575 6.9 4.39336
0.964 7.95 5.05355
0.9806 6 2.61847
0.9739 6 2.99949
0.9668 8 4.61436
0.9627 8.6 6.11382
0.9797 7 3.76812
0.9598 7.75 5.10233
0.9482 7.6 4.47312
0.9515 7.35 4.37304
0.9714 8 5.44115
0.9681 8 5.30702
0.9723 6.9 4.05303
0.968 7.8 4.94959
0.9867 6 2.63491
0.9605 7.7 5.41757
0.9566 6.85 4.42918
0.9509 8.35 5.89934
0.9562 7.3 5.06615
0.9641 7.25 4.05393
0.9623 8.3 5.13189
0.9686 8.95 6.81556
0.9652 7 3.55161
0.9765 7.05 4.5564
0.9666 6.7 4.05885
0.9504 9 6.7984
0.9851 6.7 3.70409
0.9791 7.9 6.47617
0.9602 8 4.71055
0.9552 7.95 4.73979
0.963 6.95 3.48745
0.9822 7.05 4.12451
0.9758 6.85 4.13244
0.9526 7.05 4.27297
0.9654 7 4.4285
0.9867 6 2.8238
0.9676 8 4.80019
0.9775 6 2.72546
0.935 7.95 5.04629
0.9648 8.5 5.89056
0.9589 6.9 3.86216
0.9625 7.35 4.33836
0.9434 9.3 7.5164
0.9783 6 2.44611
0.9638 7 4.35268
0.9481 8.1 5.59076
0.9639 7.9 4.93796
0.9741 7 3.9395
0.969 7 4.23999
0.9376 8.5 6.29298
0.9737 6.9 4.21299
0.9711 7 4.29636
0.9833 6.05 2.6287
0.9502 9.65 7.79649
0.9739 7.05 3.53181
0.9763 7 4.2256
0.9766 6.9 4.64133
0.9709 7 3.35123
0.9734 7 3.43265
0.9441 7.55 4.27639
0.9734 6.05 2.83648
0.9777 7.6 5.13375
0.9508 7 3.97145
0.9512 8.65 6.25311
0.9703 7.85 5.19115
0.9749 7 3.36887
0.9693 6.85 3.84548
0.9831 5.95 2.7386
0.9604 6.9 4.4995
0.9727 6.35 3.43526
0.979 7 4.8601
0.9635 8 4.63044
0.9664 7.35 3.91211
0.9618 6.7 3.91917
0.9585 8.45 5.83809
0.9611 8 4.29204
0.9635 7.45 5.25317
0.9766 7.45 4.89468
0.9517 6.95 3.77943
0.9655 7 4.03147
0.9637 8 4.5286
0.962 8 5.61651
0.9749 8 5.66376
0.9489 6.05 3.27822
0.971 6.15 3.18846
0.9758 8 5.5126
0.9648 8 5.23219
0.9852 6 2.60514
0.9573 7 4.38886
0.9626 7 3.92261
0.9787 6.1 2.57308
0.9797 7 4.36602
0.98 6 2.74724
0.964 8 4.64776
0.955 8.75 5.81786
0.9721 7 3.76202
0.9652 8 6.75147
0.9785 5.85 2.86657
0.9636 7 3.65826
0.9626 7 3.64107
0.968 6.85 4.2804
0.9382 7.4 4.32021
0.9675 8 4.94816
0.9751 7.45 4.31545
0.9514 10 8.49196
0.978 7 3.28434
0.9321 7.2 4.61271
0.957 8.05 4.69047
0.9831 7 3.50689
0.9683 7.1 4.26896
0.9672 7.6 5.03779
0.9718 7.55 3.88093
0.9762 7 3.94171
0.9522 7.5 4.90342
0.972 7.05 3.94967
0.9661 8.05 5.08816
0.971 7.9 5.11554
0.9481 8 6.4925
0.9592 7.65 4.60614
0.9472 7.4 5.22518
0.9674 8 5.51712
0.9467 7.4 4.80313
0.9592 7.25 4.52553
0.9395 8.8 6.49931
0.9726 8.45 5.96307
0.9668 7.55 4.95481
0.9618 7 3.74355
0.9753 7 3.52929
0.9715 6 3.16529
0.9465 8.85 6.55905
0.9766 6.3 3.3224
0.9645 8.5 6.34219
0.9755 6 3.02091
0.9534 8.95 6.04404
0.957 8 4.88642
0.9722 7 4.07163
0.9691 6.95 4.27001
0.9667 7.95 5.07403
0.9607 7.85 5.08822
0.9664 6.75 3.73438
0.9695 8 5.63647
0.9453 8.65 6.84821
0.978 5.9 2.8155
0.9518 7.6 5.37111
0.9648 7.1 4.45206
0.9813 7.05 3.59515
0.9831 6.4 2.99078
0.964 7 3.96128
0.9828 6 3.10345
0.9561 7 4.35464
0.9753 7 3.82168
0.9637 7 3.99435
0.9659 8.6 5.95318
0.951 7 3.29993
0.9741 7 4.09726
0.9783 6 2.89489
0.9417 7.85 5.23458
0.9685 7.9 5.05061
0.9634 7.65 4.84707
0.9711 7 3.7493
0.9715 7.25 3.92874
0.9526 7.95 5.43863
0.9634 7.75 4.89463
0.9712 7.4 4.69361
0.9775 6.05 3.38439
0.9665 7 4.47079
0.9621 7 3.13575
0.943 8.1 5.53478
0.9758 6 2.98083
0.9305 7 3.92872
0.9741 7.8 5.08677
0.9737 6.8 3.97337
0.9705 7.5 4.28574
0.9633 6.75 3.40225
0.9764 7 3.87676
0.9705 7.05 4.50078
0.9445 7.7 4.81883
0.974 7 3.90465
0.9756 6 2.87175
0.9686 8 5.34997
0.954 8.2 5.8982
0.9717 6.55 3.10727
0.976 6.95 4.19836
0.9722 6.9 4.14068
0.973 7 3.69874
0.9683 8 5.66746
0.9841 6 2.39581
0.9581 7.6 4.18436
0.9652 7.65 5.10992
0.9466 7.9 5.28994
0.9747 7 3.97441
0.9694 7 4.3464
0.9551 8 4.80985
0.9514 7.85 5.38832
0.9674 7 3.62771
0.9752 8 5.55133
0.9641 7.5 5.27481
0.9483 7 3.7567
0.9499 6.55 3.46912
0.9362 7.55 4.5376
0.9747 7.2 4.8453
0.9643 7.95 5.45206
0.9564 8 5.87455
0.9335 9.1 7.43011
0.9659 7.85 5.04216
0.9723 8 5.02337
0.9378 9.95 8.04153
0.9762 7 3.98509
0.9677 7 4.17251
0.9657 7.95 5.08349
0.9615 8.65 6.70872
0.9684 6.9 3.91679
0.961 6.45 3.66398
0.9745 7 3.85231
0.9644 8 5.05596
0.9474 7.5 4.5362
0.9751 6.95 3.64853
0.9538 8.95 6.23268
0.9774 6.6 3.13239
0.9853 6 2.41024
0.9824 6.05 2.70283
0.9802 6 2.95654
0.971 8.85 6.80014
0.9801 6.95 3.93112
0.9714 8.35 5.40919
0.9774 8 5.13818
0.9816 6 3.17853
0.9643 6.9 4.43719
0.965 6.85 4.26919
0.945 6.9 3.77292
0.9384 9 6.66186
0.9736 8.3 5.7668
0.9671 7 4.83556
0.9481 7.9 4.53957
0.9676 6.95 3.72666
0.9803 7 3.97398
0.9642 7.8 5.3938
0.9733 5.95 2.66267
0.9355 7.75 5.28603
0.9745 7.05 3.70439
0.9665 6.6 3.55041
0.9669 8 6.25229
0.9639 7.5 5.71255
0.9481 6.3 3.08749
0.963 7.05 3.78356
0.9648 7 4.00158
0.9721 7 4.41637
0.9867 6 2.58541
0.974 5.95 2.89274
0.9693 7 4.14549
0.9714 7.4 5.07323
0.9561 6.05 2.48617
0.9781 8 4.99217
0.9397 8.55 6.22566
0.9482 7.45 4.44185
0.9723 7 3.65175
0.9223 9.1 6.42818
0.982 7 4.32091
0.9625 7.85 5.15444
0.9822 7 3.51167
0.951 7.4 4.01328
0.9581 7.95 5.51466
0.9667 7 3.913
0.9554 6.7 4.6192
0.9794 7 4.10159
0.9767 7 3.3869
0.9786 7.9 5.97809
0.9811 6 2.11115
0.9668 7 3.83162
0.9687 8 5.29728
0.9731 5.95 2.61463
0.9786 7 3.26682
0.9482 7 3.99241
0.9665 7.15 4.00546
0.9482 8.4 5.74346
0.9632 7 4.59369
0.9765 7 4.10115
0.9735 8 5.60635
0.9771 8.05 4.55497
0.9753 7.4 3.6207
0.9736 8 5.87253
0.9743 6.75 3.71664
0.9733 7.85 4.75048
0.9625 8 5.09813
0.9709 7 3.96735
0.9392 8 5.16451
0.9498 7.75 5.01016
0.9687 7 3.31844
0.9388 8 4.85305
0.9376 8.75 6.90067
0.9714 8.9 6.33295
0.9724 6.95 4.42819
0.9783 6 2.99431
0.9682 6.85 3.5108
0.9718 7.9 5.02893
0.9799 6.95 3.89256
0.9729 6.5 2.93681
0.9498 8.65 7.10694
0.9483 7.2 3.72617
0.9557 7.65 4.51153
0.971 6.5 3.43866
0.9446 7.95 4.73194
0.9503 7.6 5.766
0.9533 8 4.81796
0.9649 7.15 3.59093
0.9773 6.5 3.96087
0.9503 6.85 3.95702
0.9757 7 4.25892
0.965 9.1 6.68641
0.9727 7 3.54921
0.9767 7 4.02814
0.9712 7.75 5.42513
0.9725 7 3.81041
0.9675 6.95 3.50075
0.9489 8.65 6.36708
0.9705 7 3.54677
0.9532 7.95 5.63084
0.97 7 3.45832
0.974 7 3.85872
0.9809 7 4.07634
0.9807 6 3.30706
0.9657 7.9 5.27162
0.9703 6 2.63403
0.9537 8 5.30887
0.9855 7 3.96974
0.95 7.35 4.05763
0.9619 7.9 5.5511
0.9414 7.95 4.86116
0.9706 7.1 3.89416
0.9727 8.65 7.04637
0.9622 9 7.36481
0.948 7.85 5.24888
0.9715 7.75 4.74526
0.9511 8.8 6.27328
0.9437 7 3.3517
0.9834 6.05 3.00423
0.9586 8.2 5.79993
0.9802 7.9 4.60076
0.9225 6.9 3.28215
0.9713 7 4.34834
0.9666 7.55 4.5182
0.9736 7 4.149
0.9679 7 3.77599
0.9613 7.95 5.53839
0.9818 6 3.33291
0.9606 8 4.7245
0.9784 6 2.76604
0.9655 7 4.53996
0.9801 7 4.08121
0.942 8.55 6.3274
0.978 7 3.23645
0.9662 7.85 4.9663
0.9666 6.9 4.74349
0.9834 6 3.31916
0.9804 7 3.89011
0.9699 7 3.43559
0.97 7.45 4.51185
0.9523 7 3.66492
0.9669 8 5.64972
0.9552 7.15 4.69156
0.9574 7.65 4.54575
0.9328 7.5 4.68691
0.9765 7 3.77716
0.9387 6.8 3.46532
0.94 7 4.1009
0.9711 7.25 4.12618
0.9615 8.45 5.88245
0.9676 8 4.98169
0.9709 7.05 4.57209
0.9647 7 3.91795
0.98 6.9 4.10316
0.9522 7 4.01914
0.9667 7 4.72185
0.9463 7 4.29437
0.9665 6.3 3.57796
0.9532 7.1 4.23713
0.9661 8 5.22284
0.9677 8.6 6.68695
0.9722 7.95 5.01672
0.9706 8 5.68128
0.966 7 3.1833
0.964 7.95 6.1532
0.9757 6.15 2.765
0.9677 7.4 4.51407
0.951 8 5.3192
0.9739 7 3.49432
0.9682 8 4.92623
0.9783 7 4.31699
0.9677 7 3.82161
0.9563 8.3 5.0814
0.9677 7 3.56654
0.977 6 3.21289
0.9738 7 4.50418
0.9837 6 2.45402
0.9608 7.6 4.45149
0.9446 8.4 5.189
0.9788 7 3.87553
0.9849 7 3.09313
0.9725 7 4.34271
0.9684 7 3.33714
0.9535 8 4.83457
0.9558 8.5 6.22704
0.9476 7.5 4.27852
0.9814 6.85 4.34873
0.9492 7.7 4.92382
0.9839 7 3.73529
0.9646 7 3.66436
0.9873 6 2.76226
0.9778 7 4.02988
0.9648 7.2 4.52841
0.9378 8.65 6.66142
0.9705 7.7 4.70115
0.9627 8.9 6.9421
0.9479 8.7 7.04601
0.9795 6.95 3.62997
0.9654 7.9 5.15908
0.9561 7.95 4.60399
0.9409 6.4 3.36371
0.9795 6 2.88593
0.9841 7.05 4.17613
0.9796 6.85 3.23118
0.9792 6 2.92803
0.9621 8 5.07332
0.9717 7 3.88662
0.9659 6 2.97906
0.9676 7.85 4.7261
0.9591 7.75 5.08199
0.9548 6.5 3.88743
0.944 7.8 4.69124
0.9438 7.95 4.73905
0.948 9.1 6.86663
0.9844 7 3.7601
0.9778 6 2.58742
0.9516 8 5.78607
0.9496 6.85 4.01519
0.9626 8.1 5.54618
0.9727 6 3.27641
0.9435 7.8 5.22382
0.9822 6 2.95279
0.9665 6.55 2.93794
0.9752 8 6.16026
0.9698 7 4.05108
0.9594 8 5.33572
0.972 8 5.42431
0.9763 7 3.91739
0.9605 8 5.39241
0.9701 7.95 5.52556
0.9847 6.05 2.96091
0.975 7 3.58828
0.9676 6.9 4.29893
0.9569 6.95 3.99675
0.9118 6.8 3.45565
0.9737 8 4.77284
0.9724 8 4.94651
0.9467 6.75 4.06579
0.9583 6.95 4.02401
0.9741 8 5.0986
0.9694 6.25 3.046
0.9595 6.65 3.60646
0.9801 7.95 5.32473
0.96 7 3.92781
0.963 8.4 5.68204
0.9581 7.85 5.39787
0.9687 7 3.95025
0.9495 9 6.66025
0.9611 8.1 5.94107
0.9746 7 4.17028
0.9723 7 4.06365
0.9743 7 3.94126
0.9662 7.7 5.21666
0.9728 7 3.7658
0.9519 6.95 3.55637
0.9446 6.7 3.66186
0.9707 7.3 4.57958
0.972 7.05 4.21233
0.9626 7 4.11058
0.9827 6.15 3.40482
0.9613 7.95 5.01636
0.9691 7 3.58315
0.9535 7.65 4.75108
0.973 6 3.3148
0.9687 6 2.66607
0.9674 7.25 3.74643
0.9562 7.8 4.68937
0.9688 6.4 2.95434
0.9619 7 3.88806
0.9779 6.95 4.13648
0.9665 7 3.97232
0.975 7 3.77463
0.9705 7 4.04333
0.9495 8 5.19682
0.9811 7.05 3.84029
0.9557 8.65 6.243
0.9758 6 2.52402
0.9733 8 6.05042
0.9495 7 3.38279
0.9687 8 5.62323
0.9708 7 4.0558
0.9697 7.9 4.96311
0.9689 8 5.56097
0.9538 7.6 4.14446
0.9766 7 3.91184
0.9743 6.95 4.27634
0.9737 6 3.04713
0.9842 7 3.19549
0.9774 8 4.6337
0.9634 7 3.71995
0.9281 7.95 5.36187
0.9721 7 5.1756
0.9861 6 2.63373
0.9832 6 2.20947
0.9661 7 3.9911
0.9779 7 3.40769
0.9799 7 4.05443
0.9467 8.25 5.16659
0.9374 8.45 5.89022
0.9484 8.75 6.31042
0.9818 7.55 4.80091
0.9757 5.9 2.99392
0.9649 8 4.36372
0.9683 6.05 2.92329
0.9416 6.95 4.27833
0.9634 7.25 4.37281
0.9636 7.05 3.92872
0.9704 7 4.97527
0.9579 7.9 5.83089
0.9747 6 2.75899
0.9652 7 4.37498
0.9767 7 4.17751
0.9853 6 3.14831
0.9816 5.8 2.88991
0.9787 6.9 3.63782
0.9614 8 5.31692
0.9701 6 2.52191
0.9614 9 7.07023
0.9728 6.95 4.06268
0.9663 8 5.55141
0.9759 6.4 3.5218
0.9608 6.95 4.58927
0.9564 8.5 6.22137
0.9744 8 5.33995
0.9765 7.05 4.29284
0.9498 8 5.06657
0.9206 7.65 4.55466
0.9749 6.95 3.58025
0.9628 8 4.80286
0.9551 7 3.64845
0.9692 8 4.63078
0.9628 8 5.18436
0.9797 7.2 4.46427
0.9599 8.65 6.17188
0.971 7 3.7147
0.9719 6.6 3.33868
0.9663 7 3.80361
0.9668 8 5.32492
0.9371 8 5.96253
0.9612 8 5.49733
0.9216 8.9 6.45954
0.9673 6.45 3.79112
0.974 6.45 3.46683
0.9797 6 2.31002
0.9817 8 5.19346
0.965 6.9 3.95574
0.9841 5 1.5381
0.9585 8 5.98171
0.9505 9.4 7.24045
0.9589 8.9 7.51597
0.9582 8 5.06845
0.9744 6 2.26821
0.9726 7 3.88941
0.9739 7.95 5.79205
0.9759 7.05 3.62573
0.9519 7.95 5.54878
0.9551 7.25 4.5532
0.9673 7.95 6.02518
0.9551 7.35 3.7988
0.933 9 6.94271
0.9607 8 4.70115
0.9627 8 5.12579
0.9712 6.9 3.86351
0.9683 7 4.09634
0.9792 7 3.46475
0.9526 6.2 2.70478
0.9767 6 2.47556
0.936 6.8 3.6183
0.9531 8.9 6.85397
0.9748 7 3.88547
0.9561 8.65 6.94744
0.9452 8 5.82619
0.977 6.2 3.6561
0.9655 8 5.31996
0.9788 7.7 4.65338
0.9412 8 4.85419
0.9634 7 4.33326
0.9713 7 3.79999
