0.976 6 2.55669
0.9404 6.9 3.65862
0.9409 7 3.53844
0.9557 7.3 3.95576
0.9574 8 5.09531
0.9166 7.65 4.68727
0.9497 7 3.87574
0.916 7.5 4.63374
0.9805 7.05 3.49321
0.9587 5.65 2.52315
0.959 8 5.6795
0.9664 8.05 4.51876
0.9533 8 5.83378
0.9723 6 3.18726
0.948 6.65 3.68273
0.9658 7.85 5.28432
0.949 7.45 5.69904
0.9703 8 5.17309
0.9591 7.9 5.69569
0.948 8.95 7.01546
0.9796 7 3.41985
0.9541 8 5.58346
0.9738 7 4.22713
0.9835 6 2.85158
0.9811 5.95 2.41594
0.964 6.95 3.1829
0.9729 7 4.07704
0.9592 6.9 3.46991
0.972 7 4.03504
0.9353 8.95 6.49675
0.9602 8 5.61419
0.9632 7.85 5.04155
0.9766 6.15 3.26155
0.9509 7 3.72927
0.9683 6.15 2.86439
0.9683 8 5.84472
0.9761 6.05 2.74285
0.9467 8.7 6.2042
0.9648 7.9 4.89369
0.926 7.9 5.81389
0.9696 6 2.78798
0.9765 7.75 4.58081
0.9783 7 4.01888
0.9548 6.2 2.79647
0.9664 7.1 4.12627
0.9311 7.95 4.73557
0.935 7.75 4.63554
0.9606 7.1 3.95627
0.9745 6.05 3.12467
0.9759 7 4.60162
0.9773 7 4.21711
0.9817 7 3.88519
0.967 8 4.79316
0.9404 8.1 5.10216
0.9742 6.85 3.65661
0.9599 6 3.21843
0.9263 8.25 5.64657
0.9634 6 2.55189
0.9808 7 4.25283
0.9731 7 3.93543
0.961 8 4.7757
0.9582 7.2 4.19393
0.9524 7.25 3.91251
0.9618 7 4.65055
0.9457 7.85 4.7095
0.9348 7.7 4.98582
0.9664 7 3.68166
0.9721 7 3.22263
0.9542 7 3.64582
0.9583 8.4 6.25783
0.9702 7 4.23702
0.9193 7.95 5.27149
0.9855 6 2.53273
0.9606 6.25 2.41151
0.9672 7.6 3.82543
0.9656 6.9 3.09295
0.9651 7.25 4.99183
0.9599 8 4.77383
0.9611 8 4.82871
0.9582 8 5.72646
0.9513 7.05 4.3755
0.9641 6.6 3.49915
0.9716 7 3.58641
0.971 7 4.52084
0.9684 7 3.50698
0.9683 7 3.93501
0.9761 7 3.80983
0.9825 6 2.87116
0.9499 6.75 4.34249
0.9773 7 4.28701
0.9496 7.6 5.3292
0.9634 8.35 5.40187
0.9736 7 3.93549
0.9702 7 3.76976
0.976 6.8 3.52262
0.9813 6 2.46543
0.9725 7.9 5.48988
0.9756 6.7 3.58082
0.9674 7.9 5.4195
0.9694 6.95 3.97089
0.9769 6.95 3.9152
0.9577 7.45 4.73649
0.9558 7.8 5.06003
0.9824 6.1 2.64782
0.9341 8.5 5.67846
0.9758 7 3.98916
0.9613 8 4.96991
0.9522 7.6 4.09913
0.9516 6.2 2.98371
0.9643 6.05 3.36978
0.9865 6 2.52944
0.9738 6.9 3.46138
0.9592 6.85 3.94124
0.9772 7 4.16781
0.9614 8.55 6.37497
0.9657 7 4.05559
0.9687 7.85 5.21513
0.9685 6.9 3.75835
0.9699 7 3.46697
0.9761 8.1 5.53604
0.9429 8.05 5.78319
0.9491 8.2 6.43897
0.9725 6.75 3.66845
0.9373 6.9 3.99891
0.9717 5.9 2.65245
0.9651 7.2 3.54048
0.9761 7.7 5.16471
0.9314 7.05 3.5754
0.9656 7.8 5.58128
0.9511 8.5 6.35279
0.9802 6.15 2.56977
0.9724 7 3.78034
0.9808 7 3.48685
0.9353 7.55 4.38565
0.9732 7.15 4.4567
0.9767 7.9 5.0114
0.9614 6.85 3.58674
0.9766 6.1 2.60512
0.9651 7.25 4.19303
0.9608 8 5.04228
0.9506 6.55 3.36142
0.9228 7.25 4.39152
0.9789 7 3.91718
0.9555 6.95 3.82505
0.9449 7.85 4.83369
0.9275 7.25 4.03939
0.9603 7.1 4.22855
0.9387 7.25 3.79929
0.9757 7 3.63392
0.953 8.1 5.74964
0.9563 7 3.75065
0.9808 7 4.01237
0.932 8 5.086
0.976 5.95 2.63455
0.9731 7 4.21615
0.9748 7.05 3.57269
0.9625 7.75 5.15021
0.9368 7.9 5.34688
0.9566 6.7 3.8016
0.9623 8.95 6.89702
0.9557 7.7 5.24062
0.9512 8 5.19709
0.9643 7 4.10485
0.9498 7.25 4.76492
0.9669 6.85 4.70487
0.9523 6.8 3.23524
0.9347 7.3 4.47434
0.977 7 4.54208
0.9788 7.05 3.96799
0.9741 7 3.51237
0.9733 7.15 4.6473
0.9711 6.3 2.87632
0.9312 7 3.71765
0.9612 7.4 5.55648
0.9752 7 4.00324
0.9683 7.2 4.09516
0.9704 6.5 3.51584
0.958 8 5.55912
0.969 7.05 3.96224
0.9676 6.85 4.13401
0.9595 7.05 3.9788
0.9602 7 3.52291
0.9428 7.7 4.90784
0.9663 6.6 3.75932
0.9633 6.8 3.83802
0.9774 6 2.98665
0.9736 6.95 4.11589
0.9729 7.4 4.05195
0.9663 7 4.03114
0.9634 7.25 4.21011
0.9652 7 3.57875
0.9759 6.95 3.95009
0.9667 8 5.59265
0.9548 8.05 5.37322
0.9642 7.7 4.57861
0.9626 6.4 3.42437
0.9682 6.25 3.26181
0.9541 7.65 4.46765
0.9674 9.4 7.4269
0.9734 7 3.78416
0.9642 7 3.98032
0.9423 7.95 5.14318
0.9565 7.25 4.79733
0.9709 6.15 3.15811
0.9581 7.05 4.46903
0.981 6 2.60574
0.968 7 4.22069
0.9535 7 3.85546
0.9832 6.85 3.16028
0.9759 6 2.7343
0.9489 7.65 5.25581
0.9706 7.3 3.59605
0.9583 8.8 6.67637
0.9722 7 3.59121
0.9769 7 4.18897
0.9628 7.95 5.39473
0.9768 6 2.99134
0.9709 6.05 2.83601
0.9481 7.95 4.95039
0.9632 7 4.37506
0.9455 8 6.02389
0.9729 7 4.22075
0.9802 7 3.8075
0.977 6 2.71119
0.9643 6 2.91189
0.9734 7 3.60124
0.978 6.95 3.35103
0.9693 7.15 3.7085
0.948 7.9 4.60644
0.9598 9 7.35174
0.9681 6.6 3.87018
0.953 8 4.69852
0.9663 8 5.89212
0.9772 7 4.03551
0.9308 8 4.75683
0.9301 8.4 6.06212
0.9422 7.95 4.89581
0.9633 6.5 3.27954
0.9515 6.65 3.61317
0.9487 8 4.98075
0.9562 8.7 5.92703
0.9483 6.65 3.20966
0.9511 7.8 5.66095
0.9845 6.7 3.629
0.9533 6.95 3.30618
0.9479 7.65 5.00987
0.957 7.95 4.99839
0.931 7.55 4.49532
0.9595 7.15 4.66198
0.9526 7 4.59661
0.9504 6.75 4.01127
0.9596 6.65 3.71019
0.9758 6 2.69769
0.9666 7.75 4.63976
0.9783 7 3.97576
0.9736 6.15 3.26083
0.9395 7.7 4.90896
0.9551 6.5 2.94389
0.9584 8.65 6.01774
0.9739 7.15 4.4441
0.9683 5.9 3.09016
0.9573 8.45 5.72658
0.9409 7.45 4.78775
0.946 7.05 4.07162
0.968 6.75 3.76803
0.9686 6.95 3.87483
0.9499 6.9 4.41969
0.9617 8 5.30327
0.9614 7.05 3.80585
0.9592 7.75 4.85618
0.9565 6.95 3.58874
0.9361 7.7 4.85794
0.9812 6 2.72959
0.9676 7 4.39629
0.9774 7 3.85982
0.9516 7 3.6416
0.9707 6.9 3.31971
0.9714 7.95 4.95519
0.9791 7 4.42397
0.9811 7.05 3.67106
0.9702 7 4.24287
0.9685 7.05 4.45868
0.957 9 5.82371
0.9541 7.85 5.18763
0.99 5 1.51181
0.9628 7.95 4.89931
0.9516 6.5 3.41111
0.9206 7.75 5.05103
0.9314 8.3 6.2679
0.9654 6.75 3.48548
0.9744 7 3.46544
0.9385 7.4 5.05827
0.9652 7.6 4.59824
0.9643 7 3.59187
0.9528 7.95 5.66748
0.9613 7.05 3.55468
0.9684 6.45 3.74364
0.9603 6.85 4.73396
0.9591 7 4.1092
0.9596 6.95 4.25984
0.9691 6.9 4.1494
0.9758 7 4.60809
0.9827 5.95 2.89371
0.926 8.55 6.01837
0.9757 7.45 4.34395
0.9488 8.25 6.11503
0.9529 7.8 4.87076
0.9618 7 3.93359
0.9673 8 5.05025
0.9776 6.95 4.54563
0.9729 8 5.83972
0.9485 6.6 3.41137
0.9731 6.95 4.10916
0.9758 6.5 3.40141
0.9609 7.6 4.44755
0.9611 7.1 4.23858
0.9764 7.95 5.85065
0.9587 7.7 5.32545
0.9642 8.55 6.16347
0.9726 7.05 4.23977
0.9478 7.9 5.86791
0.9641 6 2.89457
0.9329 7.55 4.74317
0.9214 7 4.42796
0.9653 5.55 2.67072
0.9642 7.95 4.63404
0.9682 7 3.97682
0.9692 6 2.73567
0.9781 6.1 2.71307
0.9611 6.35 3.52394
0.9851 6.45 2.85111
0.9343 7.1 4.34842
0.9779 6.25 3.57446
0.9528 7 3.96073
0.9725 7.35 4.80353
0.9413 8.6 6.28981
0.9614 8 5.39355
0.9501 5.7 2.41306
0.9589 6.95 3.76197
0.9579 6.8 3.94808
0.9721 6.8 3.38035
0.9565 7.95 4.84462
0.9661 6.75 3.86657
0.9793 7 4.03387
0.971 9 6.07321
0.9224 7.45 4.22754
0.9414 6.65 3.38555
0.9585 7 4.19074
0.9765 7 4.04241
0.9661 8 5.34479
0.9405 9.2 7.21166
0.9381 7.8 5.08576
0.9724 6.95 3.5667
0.9755 7 3.8942
0.9575 7.9 5.33301
0.975 5.85 2.92259
0.9536 7.95 4.98518
0.9818 6 2.3282
0.9633 6.95 3.76576
0.9536 7.7 4.90441
0.959 7.2 4.65158
0.9675 7.75 5.37639
0.9602 7.95 5.32443
0.9755 6 2.70709
0.9705 7 4.40737
0.9772 7 3.47075
0.9626 7 3.92051
0.957 7 3.74232
0.9707 6.2 3.53423
0.9374 7.5 4.87607
0.9808 6 2.78685
0.9635 6.85 4.07959
0.9595 7 3.78146
0.9453 7.75 5.57931
0.9723 7 4.39388
0.961 7.6 5.04329
0.9547 7.25 4.59289
0.9459 8 5.77672
0.9453 8 5.4632
0.967 7.1 3.96472
0.9523 7.7 4.78659
0.9547 8 4.99377
0.9593 8.15 5.60705
0.9606 7.9 5.7444
0.9788 6.9 3.69511
0.9651 6.8 3.39068
0.959 8.85 6.80797
0.9571 7.9 4.41045
0.9677 7.3 4.43689
0.9659 7 4.21686
0.9791 7.4 4.64778
0.9654 6.75 3.60015
0.9778 7 4.26126
0.9441 6.45 3.16572
0.9644 7.85 5.06376
0.9599 7 3.92279
0.9661 7.9 4.59183
0.9733 7 3.99983
0.9692 8 5.62428
0.965 6.95 3.40657
0.9526 7.9 5.53931
0.9707 6 2.8133
0.9369 7.5 4.82085
0.9476 7.5 4.52184
0.9427 6.95 4.3094
0.9823 6 3.36018
0.9688 6.6 4.0368
0.9495 7.95 5.49293
0.9487 8.9 6.65633
0.9635 7 4.16599
0.976 7.3 4.71184
0.9454 8 5.50608
0.964 7.95 5.19219
0.9718 8 5.11643
0.9553 8 5.42325
0.9617 7.5 5.58967
0.9429 7.65 4.77762
0.9575 6.95 4.19588
0.9692 6 2.98062
0.9705 6.7 3.55349
0.9673 7.35 4.01205
0.9516 7.95 5.25037
0.9755 7 3.60778
0.9762 6 3.00021
0.984 6.05 2.95966
0.9493 7.15 4.19053
0.9684 7 4.47661
0.9426 8.55 5.66153
0.9578 8 5.1292
0.9702 8 5.75378
0.9744 6.85 3.77839
0.9594 6.4 3.33285
0.9713 7 4.25439
0.9604 8.2 5.53925
0.9581 8.1 5.36503
0.9769 6.9 3.79131
0.9595 7.65 5.06969
0.9746 7 3.87541
0.9666 6.9 3.80915
0.98 7 3.48339
0.9231 8.85 6.80968
0.9714 6 2.18298
0.9656 7.75 5.86112
0.9412 7.9 4.80259
0.9514 8.2 6.20381
0.9391 6.75 3.40254
0.971 7.05 3.8823
0.9688 6.95 4.06336
0.9701 6.05 2.69662
0.9577 8 4.80157
0.9808 5 1.72227
0.9807 6 2.66554
0.9685 7.55 4.56641
0.9799 6 3.0255
0.9598 6.9 4.44394
0.96 7.9 5.21876
0.9585 6.25 3.39836
0.954 6.1 2.73694
0.961 7 3.78267
0.962 7 3.8992
0.9679 7.4 4.73823
0.9703 7.6 4.8197
0.9651 7 3.25715
0.9581 7.35 4.41359
0.9741 6.35 2.93731
0.9534 7.75 5.06122
0.9691 7.1 3.87379
0.982 7 3.86319
0.9781 6.95 4.25752
0.9648 8 5.00776
0.9704 8.95 6.98229
0.9733 6.55 3.58762
0.9526 6.8 3.6161
0.958 7.1 4.66683
0.9786 7.95 4.78682
0.9576 6 2.56307
0.9447 8.55 6.21172
0.9616 6.95 4.44151
0.9592 7.6 4.0663
0.9543 8 5.73677
0.9762 6.05 2.82495
0.9644 8.35 5.67382
0.9651 6.95 3.64961
0.9628 7.4 4.63799
0.9795 7 3.8706
0.9735 6.95 3.64042
0.9658 7 4.04312
0.9614 5.65 2.72543
0.9556 7 4.1189
0.9849 6 2.44871
0.9623 7 3.50915
0.952 6.55 3.3376
0.9726 8 4.74088
0.9751 7.05 4.26011
0.9505 7.85 5.74587
0.9628 8.85 6.2011
0.9422 8 4.7517
0.9665 5.9 2.50221
0.9513 8.45 5.9575
0.9655 6.9 4.02121
0.9566 6.95 3.68443
0.9615 7.2 4.01821
0.9823 6 2.91345
0.9838 6.65 3.67667
0.9642 6.75 3.74377
0.9701 6.95 4.5435
0.9528 8 4.78911
0.9188 7.15 4.23393
0.9455 8 4.50833
0.983 6 2.55087
0.958 7.05 3.75914
0.9181 8.2 5.74078
0.9601 7.25 4.46068
0.958 7 4.28181
0.9822 6 2.84145
0.9597 7.6 4.97041
0.9634 7 3.8533
0.9698 6 3.18661
0.9589 6.55 3.90649
0.9554 7.75 4.63721
0.9506 8 6.1183
0.964 6.75 3.80506
0.9789 7 3.56111
0.9779 6.6 3.68193
0.9663 7.1 3.72811
0.9481 8 5.35317
0.9554 6.85 3.65094
0.9688 5.95 3.51649
0.9613 6.85 4.19237
0.978 6.6 3.04172
0.9773 6 2.86063
0.9703 6.85 4.01082
0.9476 7.6 4.49062
0.9764 8 4.56266
0.9566 7.55 5.13507
0.9678 6 3.22361
0.9817 7 4.03509
0.9681 7 3.45445
0.9451 8.8 5.98704
0.9582 7 4.03372
0.9714 7 4.1038
0.9654 8 4.59465
0.9786 7 4.18785
0.9773 6 2.37963
0.9583 7 3.75832
0.9776 6 2.90508
0.9675 7 4.26348
0.9615 6.25 3.45069
0.9686 9 7.28583
0.9764 7 4.25248
0.9671 7.1 4.63223
0.9826 6 2.9028
0.9764 7 3.82326
0.965 8 5.66404
0.9595 7 3.9218
0.9717 7 4.29043
0.9765 7 3.48288
0.9481 8 5.7039
0.9681 7.3 4.61863
0.9805 6 2.80385
0.9468 8 4.94365
0.9522 7.75 5.1962
0.9724 7.4 4.88794
0.9759 6 3.42092
0.9551 7.3 4.55563
0.96 8.85 6.70869
0.9805 6 2.81309
0.9735 7.4 4.40003
0.9536 7 4.46997
0.9289 7.55 4.71086
0.9635 7.95 4.48007
0.9726 6.1 2.81267
0.971 7 4.41342
0.9737 8 5.58909
0.9561 7.9 5.60799
0.9403 6.55 3.92807
0.9613 6.95 3.8006
0.9576 7.75 4.34585
0.9537 8.7 5.95537
0.9552 7.95 5.16928
0.9519 8.05 5.61113
0.9566 7 4.27603
0.9813 7 3.9181
0.94 8 5.46944
0.9416 8.45 6.59236
0.9258 8.45 5.59747
0.9325 7.8 4.88679
0.9705 7.9 4.40735
0.9812 6 3.21255
0.9451 9.25 6.58102
0.9691 7 3.87887
0.9339 7.5 5.16183
0.9345 7.9 5.20031
0.954 7.9 5.39392
0.958 6.9 3.69689
0.9759 6 3.10342
0.9611 6.9 4.57331
0.9334 7.55 4.516
0.9555 7.8 4.9541
0.969 7.15 4.14163
0.9325 7.65 5.58099
0.9738 7.15 3.67285
0.9746 7 4.45068
0.9693 7 3.72911
0.9497 7.85 5.32357
0.9717 7.7 4.68532
0.9727 7 3.58968
0.944 7.25 4.32365
0.9693 7 3.75018
0.9666 7.05 3.61662
0.9572 7 3.74189
0.94 8.1 4.85573
0.9764 6.95 3.99422
0.9829 7 3.90072
0.9722 7 3.4268
0.9748 8 4.66701
0.9751 7 4.24605
0.9488 7.95 4.83617
0.965 8 5.07783
0.9758 7 4.18191
0.9712 7 4.72915
0.9324 7.45 4.77743
0.9713 6.7 4.19111
0.9602 7.95 5.40037
0.9774 7 3.68657
0.9742 6.3 2.78363
0.921 7.5 4.27716
0.9567 8 5.2836
0.982 7 3.74287
0.9555 8 4.46241
0.9359 8.2 5.33324
0.9482 7.9 5.44078
0.9654 6.75 3.4177
0.9749 7 4.14194
0.977 6 2.92096
0.9742 6.9 3.90341
0.9796 6.65 4.70367
0.947 7.3 4.45535
0.9466 7.05 3.99846
0.9694 7.55 4.15102
0.9728 6 2.81785
0.9643 6.95 3.91283
0.9692 8 5.85936
0.9736 6.4 2.721
0.9681 7.1 4.04242
0.9607 7 3.76095
0.9694 8.15 5.32357
0.9381 7.95 5.1634
0.9335 8.05 5.77123
0.9787 6 3.22811
0.9805 6 2.99158
0.9768 6.7 4.03783
0.9593 7.9 5.00058
0.9422 7.85 5.68327
0.9704 7 3.78393
0.9394 8 5.53941
0.9488 6.95 3.68875
0.9756 6 2.48505
0.9223 8.1 5.21267
0.9833 7 3.86074
0.9717 6 2.7686
0.9637 5.9 2.94974
0.9756 7.5 4.9501
0.9485 7.55 4.64401
0.9494 7.55 4.54699
0.9451 7.85 4.93129
0.9834 6.3 3.34693
0.9818 6 2.48376
0.9809 6 2.64588
0.9604 8.35 5.98273
0.9658 8 5.3709
0.9581 5.9 2.68229
0.963 7 3.65176
0.9783 6.75 4.32972
0.9819 6.05 3.04924
0.9792 7.95 5.08426
0.9554 8 5.62182
0.9484 6.85 3.35011
0.9645 7.95 5.50838
0.9431 7.15 4.27383
0.9797 6.7 3.63856
0.9391 6.85 4.14347
0.9496 7.35 4.43353
0.9782 6.15 2.85119
0.9389 7.2 4.36
0.9664 6.55 3.42308
0.9442 6.75 4.04667
0.9322 7.75 4.67265
0.9601 6.95 4.24226
0.9581 6.9 3.72417
0.9612 8 5.01163
0.9803 6 2.63301
0.951 8.4 6.12427
0.9685 7.9 5.26078
0.9411 7.45 4.50308
0.9695 8 4.97266
0.9386 7.75 4.7164
0.9877 5 1.86697
0.9488 7 3.57229
0.9615 6 2.29292
0.9653 7 4.75018
0.9644 7.6 5.18702
0.9706 6.95 4.3659
0.9305 7.8 4.46289
0.956 7 3.32996
0.9632 7.85 5.41974
0.9519 6.75 3.81293
0.9643 7.75 5.53848
0.9695 6.6 4.15022
0.9664 8 4.70941
0.9681 7.8 5.48124
0.9669 7.1 4.53884
0.9525 8.95 6.29796
0.9728 7 3.97257
0.9588 6.75 3.56758
0.9372 8.25 5.52863
0.9756 6.9 3.40822
0.9323 8.45 6.1888
0.9326 7.5 4.33492
0.9697 7 4.24403
0.9787 7 3.53256
0.9614 6 3.35175
0.9657 7.9 4.8995
0.9614 7.95 5.11448
0.9445 7.85 4.80322
0.9755 6.9 4.42063
0.9705 7.95 5.59484
0.9602 7 3.9274
0.9672 6.95 4.18364
0.9447 7.25 4.29542
0.9787 7.1 4.48903
0.9699 6.65 3.73148
0.9612 8 5.62786
0.9657 6.35 2.83402
0.973 5.95 3.07681
0.9629 7.05 3.53596
0.9373 7.85 5.07724
0.9786 7 3.92911
0.9678 6 3.00181
0.97 7.9 5.1758
0.9611 6.95 3.94249
0.9628 7 3.9612
0.9464 7.2 4.07463
0.9612 6.6 3.47721
0.9793 7.15 3.89863
0.9686 7.3 4.4304
0.97 7.2 4.25058
0.9531 7.05 4.08641
0.9645 8.7 5.66454
0.9632 7.35 3.81294
0.9613 6 2.85233
0.9757 7 3.83388
0.9574 7.45 4.36545
0.9731 6.5 3.63554
0.9782 7 3.63723
0.9567 8.55 6.31865
0.983 6.15 2.79835
0.9677 7 3.82609
0.9624 7.9 5.65231
0.9749 6.8 3.72168
0.9679 6.9 3.8269
0.9688 8 4.39346
0.9716 7 3.82081
0.9442 7.7 5.06909
0.969 7.95 4.50538
0.9783 7 4.18291
0.9344 7.1 4.37881
0.9739 7.95 5.27471
0.975 6 2.57712
0.9692 6.9 4.2268
0.9842 6 2.34336
0.9751 6.95 4.2851
0.9754 8 4.78417
0.9681 6.95 4.31916
0.9735 6.55 3.69915
0.9668 7.9 5.39296
0.98 6 2.73962
0.9814 7 4.20164
0.9553 7.95 5.25454
0.9641 8 5.4489
0.9575 9 6.84247
0.9418 7.1 4.08028
0.9405 5.95 2.38766
0.9781 7 3.76643
0.949 8 5.93439
0.9681 8.05 5.91411
0.9689 6.6 3.48701
0.9707 7 4.4941
0.9681 6 2.61002
0.9549 7.1 4.64049
0.9716 7.05 4.07515
0.9749 7 3.83026
0.9647 7.05 3.81386
0.9723 7 3.67216
0.956 6.35 3.25132
0.979 7 3.99754
0.962 7.55 4.36464
0.9578 7.9 5.09028
0.9599 7 3.8463
0.9545 7.85 5.03586
0.9725 6.9 4.09535
0.9808 6.5 3.1271
0.9759 7 4.18314
0.9541 7.4 4.86118
0.9522 8 5.2583
0.9528 7.85 5.21323
0.9654 7.15 4.41294
0.9809 7 4.63521
0.9673 8.05 4.90961
0.9459 7 3.87742
0.9617 7.6 5.01673
0.9538 8 5.36109
0.9671 7 4.18182
0.9786 6.45 3.66959
0.9536 7 4.01321
0.9568 8.2 5.77562
0.9731 6.3 2.87296
0.9574 7.6 5.11988
0.9534 7.9 4.94979
0.9534 7 4.17118
0.9841 7 3.65091
0.982 6.75 3.8344
0.9661 7.95 6.90845
0.9833 6 2.42511
0.9663 7 3.47711
0.9611 6 2.64261
0.9646 7.7 5.51415
0.9579 7.75 5.28122
0.9365 7.4 4.95625
0.9396 8.95 6.57043
0.9776 7.25 4.6052
0.9552 6.45 3.5069
0.9598 5.75 2.90642
0.9683 8.95 6.76018
0.9627 6.95 4.65001
0.9857 6 2.48663
0.9539 6.95 3.83893
0.9635 7.9 4.72282
0.9577 7 4.58131
0.9649 8 4.88986
0.9733 7.3 4.97467
0.9673 7.1 3.95147
0.9736 7 3.98147
0.9616 7 4.18392
0.9741 7.7 5.4404
0.953 7 4.31239
0.9513 8 5.77877
0.9638 8 5.10241
0.9527 6.5 3.29349
0.9694 7.95 4.73648
0.9857 6 3.0817
0.9441 6.6 3.86108
0.9699 7.95 5.08087
0.9744 6 3.48556
0.9616 8 4.74194
0.9663 7 3.80182
0.979 6 2.69714
0.9553 7.4 5.22449
0.9683 7.35 4.10549
0.9458 7.25 4.71657
0.9651 7 4.15752
0.9778 6 3.11129
0.9627 6 2.7569
0.9767 7 4.41237
0.921 7.75 4.43706
0.9761 8 5.44939
0.9773 6 2.67807
0.9611 6.9 3.9788
0.9654 7.85 4.53381
0.9688 7 3.82026
0.9714 7.2 4.46487
0.9817 6 2.70734
0.9349 6.3 3.58136
0.9731 7 3.861
0.9785 6.95 3.54479
0.952 6.3 3.38337
0.9583 6.9 3.89409
0.9493 7.9 5.65145
0.9747 8 5.22111
0.9716 7 4.17178
0.9419 8.45 6.35602
0.9543 7.4 4.22639
0.946 7.85 4.62656
0.9763 7 3.27709
0.9502 6.65 3.27437
0.9443 8.05 4.6306
0.9778 6 2.37583
0.9767 7 3.52734
0.9783 6 2.64223
0.9355 8.2 5.3203
0.9595 6.8 3.74196
0.9685 8.5 5.76871
0.9334 7.95 5.05806
0.9756 7.05 3.76462
0.9619 8 4.73846
0.9406 8.6 6.63486
0.9398 7.4 4.02343
0.981 6.1 3.13593
0.9789 6.3 3.17246
0.9689 7 3.58282
0.9468 7.15 4.49132
0.9682 5.9 3.02668
0.98 6 2.65113
0.9688 7.9 5.32428
0.9729 7 4.28308
0.952 8.25 5.9091
0.965 7.1 3.82919
0.9702 6 3.05188
0.974 8 5.29072
0.9627 7 3.38903
0.976 7 3.96649
0.9744 7 3.91382
0.9799 6.25 3.13341
0.9622 6.95 3.95713
0.9653 7.25 4.66609
0.9848 6.7 3.36307
0.963 7 3.80272
0.9715 7.1 3.94647
0.972 7 4.81644
0.9566 7.65 4.53042
0.9794 5.7 2.63032
0.9757 8 5.28154
0.948 7.8 5.30571
0.9372 8 5.57419
0.9773 6.95 3.82338
0.9593 7 3.53993
0.9409 7.75 4.62447
0.9665 6.15 2.93595
0.9399 6.75 3.87074
0.9467 7.65 5.30395
0.9527 7.7 5.03471
0.9742 6.95 5.00663
0.9616 8 4.97171
0.9698 7 3.73995
0.9795 6.9 3.95986
0.9689 8 5.35094
0.9543 7.45 4.22949
0.9744 7.85 5.00129
0.9586 6.25 3.37434
0.9573 7.8 4.68916
0.9636 8.2 5.93178
0.9714 6.85 3.55463
0.9742 6.4 3.29738
0.9879 6 2.31171
0.9482 7.6 4.28924
0.9394 6.5 3.0219
0.9733 7.25 4.75453
0.9634 7 4.02795
0.9296 6.9 4.1245
0.9527 7.65 4.69896
0.9619 7.8 5.12263
0.9433 7.8 4.69343
0.9644 6.75 3.79168
0.9455 6.3 3.38093
0.9599 7.95 5.22603
0.9641 7.8 5.07527
0.9569 7.35 4.20451
0.9805 6 2.46088
0.9691 7.1 4.22922
0.9383 7.4 4.37458
0.971 6 2.74163
0.9647 8.2 5.07008
0.9645 6.75 3.12567
0.9738 6.65 4.04319
0.9546 7 3.77774
0.9732 7 3.69854
0.9499 8.95 6.65902
0.9637 6.95 3.88558
0.9684 6.8 3.92032
0.9607 7.2 4.69595
0.9759 7 4.01968
0.9778 6.6 3.69683
0.9702 7.85 4.87461
0.9667 6.95 4.5114
0.9637 6.9 3.48312
0.9831 6.05 2.90996
0.959 7.75 5.37711
0.9738 6.95 4.45568
0.9505 8.65 7.04739
0.9635 6 2.89253
0.9695 5.75 2.94989
0.9563 5.9 2.93061
0.9648 8 5.39238
0.9681 6.95 3.85313
0.9695 7.3 4.18271
0.9787 7.65 5.13889
0.943 6.9 4.15522
0.9511 7.05 4.49357
0.9559 6.5 3.61064
0.9461 7.7 5.30104
0.9702 7.9 4.6447
0.9658 8 5.05738
0.9558 7.75 5.01307
0.9398 8.1 5.44275
0.9707 6.6 3.97535
0.9667 7 3.8257
0.9439 8.95 6.41951
0.9595 7.35 5.25137
0.9522 7.55 4.95894
0.9684 7 4.2052
