100 390
0 1
0 2
0 3
0 4
0 6
0 9
0 11
0 12
0 16
0 20
0 23
0 24
0 26
0 32
0 34
0 70
0 78
0 84
0 88
0 90
1 0
1 2
1 3
1 4
1 5
1 6
1 7
1 8
1 9
1 10
1 11
1 12
1 16
1 19
1 20
1 22
1 23
1 24
1 25
1 28
1 29
1 30
1 31
1 32
1 38
1 40
1 42
1 44
1 46
1 47
1 55
1 65
1 67
1 69
1 70
1 72
1 74
1 77
1 86
1 87
1 88
1 93
1 98
2 0
2 1
2 3
2 4
2 5
2 7
2 25
2 61
3 0
3 1
3 2
3 4
3 5
3 6
3 13
3 16
3 20
3 21
3 38
3 39
3 44
3 48
3 55
3 63
3 71
3 98
4 1
4 3
4 0
4 2
4 5
4 7
4 9
4 10
4 12
4 13
4 14
4 15
4 16
4 17
4 19
4 20
4 23
4 24
4 27
4 31
4 32
4 34
4 36
4 38
4 41
4 44
4 48
4 50
4 51
4 53
4 55
4 60
4 62
4 66
4 77
4 81
4 84
4 87
4 92
4 95
4 96
5 4
5 2
5 1
5 3
5 6
5 8
5 15
5 17
5 42
5 46
5 48
5 58
5 63
5 64
5 76
6 3
6 1
6 5
6 0
6 7
6 8
6 9
6 10
6 12
6 13
6 15
6 18
6 21
6 22
6 25
6 27
6 28
6 30
6 34
6 35
6 40
6 43
6 44
6 51
6 52
6 53
6 58
6 60
6 63
6 66
6 72
6 79
6 83
6 91
6 94
7 4
7 6
7 1
7 2
7 8
7 11
7 18
7 25
7 69
7 86
7 95
8 5
8 1
8 6
8 7
8 13
8 15
8 19
8 22
8 27
8 33
8 35
8 37
8 39
8 42
8 56
8 57
8 59
8 69
8 76
9 6
9 1
9 4
9 0
9 10
9 40
9 45
9 64
9 99
10 1
10 6
10 4
10 9
10 11
11 7
11 10
11 0
11 1
11 14
11 18
11 78
11 81
11 85
11 96
12 0
12 6
12 1
12 4
12 14
12 17
12 18
12 27
12 29
12 52
12 62
12 65
12 81
13 8
13 6
13 3
13 4
13 14
13 17
13 39
13 41
13 51
13 79
13 82
13 93
14 13
14 12
14 4
14 11
14 19
14 21
14 26
14 32
14 53
14 57
14 64
14 71
14 74
14 78
14 82
14 97
15 5
15 6
15 8
15 4
15 22
15 31
15 33
15 43
15 45
16 0
16 1
16 3
16 4
16 31
16 34
16 42
16 57
16 99
17 4
17 13
17 12
17 5
18 12
18 6
18 7
18 11
18 24
18 37
18 62
18 85
19 8
19 4
19 14
19 1
19 21
19 26
19 40
19 51
19 90
19 97
20 1
20 3
20 0
20 4
20 49
20 69
21 6
21 19
21 3
21 14
21 23
21 28
21 36
21 50
21 54
22 6
22 8
22 1
22 15
22 26
22 87
23 1
23 4
23 0
23 21
23 30
23 45
23 67
24 4
24 1
24 0
24 18
24 28
24 30
24 36
24 37
24 61
24 67
24 75
24 77
24 86
25 6
25 2
25 7
25 1
25 38
25 99
26 0
26 19
26 14
26 22
26 36
26 41
26 47
26 56
26 61
26 77
27 12
27 4
27 6
27 8
27 29
27 33
27 59
27 89
28 24
28 1
28 6
28 21
28 29
28 33
28 37
28 46
28 52
28 61
28 95
28 96
29 27
29 28
29 12
29 1
29 54
29 60
30 23
30 1
30 24
30 6
30 58
31 16
31 1
31 4
31 15
31 54
31 66
31 73
31 75
31 76
31 98
32 4
32 14
32 1
32 0
32 48
32 55
32 56
32 80
33 8
33 27
33 28
33 15
33 35
33 50
33 53
33 54
33 64
33 68
33 72
33 85
33 90
33 93
34 6
34 0
34 4
34 16
34 35
34 39
34 43
34 47
34 50
34 58
34 79
34 85
34 92
34 97
35 34
35 8
35 6
35 33
35 72
35 84
35 89
35 92
36 4
36 26
36 21
36 24
36 52
36 86
36 98
37 28
37 24
37 18
37 8
37 41
37 45
37 57
37 67
37 80
38 1
38 25
38 3
38 4
38 43
38 47
38 92
39 13
39 8
39 3
39 34
39 46
40 19
40 9
40 6
40 1
40 49
40 82
41 13
41 26
41 4
41 37
42 8
42 1
42 5
42 16
42 63
43 15
43 34
43 38
43 6
43 65
43 88
44 4
44 3
44 6
44 1
45 9
45 37
45 23
45 15
45 49
45 73
45 91
46 5
46 1
46 39
46 28
46 49
46 71
46 88
46 94
47 26
47 1
47 34
47 38
48 3
48 32
48 5
48 4
49 40
49 20
49 46
49 45
50 21
50 33
50 34
50 4
50 66
51 6
51 4
51 19
51 13
51 59
51 75
51 80
52 12
52 6
52 28
52 36
52 56
52 68
52 74
53 14
53 6
53 33
53 4
53 87
54 29
54 33
54 21
54 31
54 59
54 65
54 75
54 91
55 1
55 3
55 32
55 4
55 60
56 26
56 8
56 32
56 52
56 62
56 78
57 16
57 8
57 14
57 37
58 6
58 34
58 5
58 30
59 54
59 27
59 51
59 8
59 74
59 90
60 6
60 4
60 29
60 55
60 68
60 70
60 79
60 81
60 83
61 2
61 26
61 24
61 28
62 12
62 56
62 4
62 18
63 6
63 3
63 42
63 5
63 73
63 96
64 14
64 9
64 5
64 33
65 12
65 43
65 1
65 54
65 68
66 6
66 4
66 31
66 50
66 76
67 37
67 23
67 24
67 1
67 71
68 65
68 60
68 33
68 52
68 91
69 20
69 8
69 1
69 7
69 70
69 73
69 82
69 83
70 1
70 69
70 60
70 0
70 89
71 67
71 3
71 46
71 14
72 1
72 6
72 35
72 33
72 83
73 63
73 45
73 69
73 31
73 80
73 93
74 14
74 59
74 52
74 1
75 31
75 54
75 24
75 51
75 97
76 5
76 31
76 8
76 66
77 4
77 24
77 1
77 26
77 94
77 95
78 56
78 14
78 11
78 0
79 34
79 60
79 13
79 6
80 51
80 32
80 37
80 73
81 60
81 11
81 4
81 12
81 84
81 94
82 40
82 14
82 69
82 13
82 89
83 69
83 72
83 60
83 6
84 35
84 0
84 4
84 81
85 33
85 18
85 11
85 34
86 36
86 7
86 1
86 24
87 22
87 4
87 1
87 53
88 43
88 1
88 0
88 46
89 70
89 35
89 27
89 82
90 19
90 33
90 59
90 0
91 6
91 68
91 45
91 54
92 35
92 4
92 34
92 38
93 33
93 1
93 13
93 73
94 6
94 81
94 46
94 77
95 4
95 7
95 28
95 77
96 4
96 63
96 28
96 11
97 19
97 34
97 75
97 14
97 99
98 3
98 31
98 36
98 1
99 25
99 9
99 16
99 97
