0.93018 6.97 3.7895
0.9401 7.24 4.2498
0.94164 7.91 5.04861
0.91094 7.77 4.67717
0.93296 7.99 4.7015
0.94654 7.62 4.9901
0.95818 7 3.62911
0.94786 7.03 3.78992
0.93782 8.38 5.57276
0.97804 5.98 2.94959
0.96712 6.93 3.76817
0.91702 7.17 3.82954
0.94588 7.95 5.02256
0.9427 7.01 3.7337
0.9705 5.96 2.7165
0.95002 8.39 5.80506
0.91976 7.49 4.12381
0.95708 7 4.00421
0.96034 6.89 3.40391
0.93504 7.95 5.21334
0.95494 6.97 3.95742
0.96874 7 3.96892
0.92544 7.94 4.98686
0.9583 6.54 3.35447
0.9238 7.37 4.28267
0.97092 7.03 4.38247
0.9515 7.2 4.55284
0.9548 6.99 3.99075
0.94602 7.75 4.47738
0.94898 7.13 3.88767
0.96786 6.46 3.37734
0.9554 7.66 4.72898
0.9279 7.03 3.95573
0.96042 6.99 4.06678
0.92732 8.02 5.18519
0.94866 7.91 5.13807
0.95082 7.34 4.00036
0.95088 6.95 4.01964
0.92218 7.01 3.61632
0.96376 6.95 3.35172
0.95028 8 4.95941
0.98072 5 1.92446
0.9585 7.12 4.39281
0.93026 7.79 5.02539
0.9419 6.96 3.95984
0.97352 6 2.45283
0.95374 7 3.46106
0.93494 7.75 4.6706
0.95404 6.98 4.05448
0.95708 6.91 3.67946
0.94326 6.85 3.45397
0.93496 7.95 5.36964
0.92572 7.32 4.50614
0.94062 7.2 4.1924
0.95352 7 3.85235
0.93302 7.82 4.79605
0.9684 6.62 3.63523
0.94436 6.91 3.35294
0.931 7.42 4.55039
0.90762 8.48 5.83051
0.95532 6.43 3.53983
0.95462 5.91 2.90493
0.95524 7.07 3.87871
0.94166 6.99 3.91272
0.92264 8.45 5.81845
0.93154 7.94 4.90934
0.97814 6 2.56326
0.95292 7 4.14223
0.93518 7.59 5.25696
0.95864 6.92 3.44973
0.9592 7 4.11705
0.94316 7.46 4.30019
0.95076 7 3.89254
0.95726 8.88 6.72547
0.93888 6.81 3.5675
0.97324 6.97 3.46715
0.94496 6.96 3.50279
0.95452 7 3.46583
0.92836 7.88 4.89978
0.94876 6.99 3.52615
0.9171 8.37 5.77348
0.92548 6.92 3.91791
0.93284 7.8 4.86293
0.96034 5.99 2.72842
0.92218 8.14 5.44053
0.93566 6.97 4.1084
0.9008 8.14 5.57803
0.94248 6.98 4.20354
0.94194 7.43 4.66219
0.9383 7.91 4.96184
0.92766 7.83 4.79963
0.96416 7.23 4.20024
0.97508 5.27 2.4481
0.9527 8.01 5.65298
0.93342 7.39 3.91844
0.96014 6.98 3.6974
0.94832 7.26 4.12367
0.92554 7.59 4.89026
0.91966 7.89 4.96208
0.926 7.37 4.59059
0.96702 7.26 3.77488
0.94696 7.45 4.36106
0.93014 7.75 4.38393
0.9401 6.97 3.86279
0.9311 7.88 4.89029
0.93192 6.32 2.91563
0.96436 6.51 3.40845
0.94432 7.01 3.65757
0.91042 7.3 4.08632
0.92318 7.71 4.6016
0.96386 6.99 3.81571
0.9525 6.92 4.04495
0.91822 7.81 4.49351
0.91772 7.72 4.66434
0.9536 7.48 4.65628
0.96682 6.98 4.13994
0.91696 7.04 3.70322
0.94334 7.17 4.45518
0.94988 7.05 3.40498
0.94344 7.28 4.19486
0.9457 7 3.6245
0.96054 7.87 4.58974
0.94932 7.95 4.7401
0.93588 7.99 4.73783
0.9098 8.93 6.56508
0.93208 7.95 4.76976
0.94398 7.99 5.00389
0.90764 7.18 4.14471
0.935 7.05 4.01568
0.95136 6.9 3.76821
0.93082 7.56 4.64435
0.95182 7.77 4.78654
0.95722 7.46 4.68762
0.93284 8.09 5.25011
0.9453 7 4.30312
0.94248 7.02 4.45427
0.94446 7.97 4.96427
0.95388 8 5.26338
0.96592 6 2.76146
0.9353 6.54 3.71045
0.91298 6.63 3.19066
0.9285 8.12 5.4677
0.91926 7.14 4.39484
0.96244 6.87 3.57822
0.90166 7.43 4.30922
0.93358 7.31 4.2306
0.9275 7.42 4.4232
0.92888 7.75 4.82153
0.94824 6.9 4.09769
0.94202 7.99 4.85483
0.95016 6.94 3.56544
0.9746 7 4.06367
0.9615 7 3.94483
0.96864 7.01 3.40728
0.9559 6.93 3.70091
0.94644 7.11 3.75072
0.92562 7.7 5.48291
0.94906 7.02 3.56954
0.95778 7 3.6468
0.9271 7.87 4.85707
0.95592 7.18 4.44573
0.9527 6.98 3.52214
0.95356 6.99 4.28084
0.96716 6.93 3.67214
0.91834 7.8 4.58952
0.94308 6.92 3.86736
0.96064 6.92 3.72318
0.93244 7.94 4.7152
0.96746 6 2.90476
0.92684 7.81 5.39026
0.9593 6.55 3.53379
0.92244 6.74 3.53501
0.97478 6 2.77249
0.96154 7.12 4.19167
0.93042 7.87 4.91169
0.96286 6.97 3.47663
0.92866 7.25 3.86405
0.9396 7.81 4.58933
0.9229 7.83 4.80521
0.94334 7.96 4.85743
0.92926 7.57 4.84628
0.9662 5.99 2.62315
0.97092 7 3.9466
0.97226 6.06 3.38417
0.94958 7.78 4.57493
0.90092 7.81 5.14701
0.92922 7.4 4.50824
0.91392 7.04 3.98893
0.91826 6.7 3.35951
0.9753 6.45 3.34183
0.91652 7.73 4.91926
0.93552 7.93 4.82318
0.95194 6.87 3.93697
0.9528 8.81 5.99349
0.96156 7 3.44111
0.9476 6.77 3.39046
0.97354 6.04 3.01434
0.96946 6.11 3.16425
0.94042 7.11 3.88726
0.94444 7.86 4.80169
0.93648 7.66 4.54903
0.96758 6 2.29597
0.95844 6.99 3.67321
0.9601 5.95 2.85162
0.94624 8.29 5.85092
0.9307 7.91 4.68949
0.9395 7.56 4.38275
0.9495 7.95 4.6462
0.94156 7.72 4.84072
0.92016 7.63 4.4842
0.95648 8 4.33188
0.95136 6.96 3.85333
0.9305 8.14 5.61011
0.97012 7.79 4.65367
0.9298 7.92 4.75473
0.95132 6.95 3.59066
0.94302 6.99 4.07359
0.9116 7.57 4.37917
0.95808 7.99 5.1916
0.93494 7.63 5.14685
0.92798 7.85 4.51822
0.95332 6.69 3.37316
0.9415 7.98 5.44499
0.9186 7.76 4.44723
0.94584 6.43 3.38206
0.96446 6.77 3.86665
0.95486 7.02 3.37476
0.96314 5.99 2.75518
0.92434 7.49 4.28104
0.91018 8.01 5.10193
0.96052 7.95 4.61439
0.95356 6.93 3.70522
0.93074 7 3.89796
0.93506 7.62 4.6025
0.94296 7.36 4.19122
0.91652 8.35 5.60982
0.92162 8.13 5.1164
0.91942 8.15 5.42836
0.92502 7.74 5.00761
0.93624 7.04 4.01644
0.94028 6.82 3.55531
0.9475 6.99 3.97993
0.9649 5.98 2.72316
0.94694 6.43 3.25395
0.9495 7.98 5.05904
0.95582 6.97 4.1552
0.93754 7.12 3.93219
0.92772 6.6 3.44094
0.95758 7.04 3.67034
0.93762 8.83 6.43823
0.94376 7.48 4.47043
0.96426 6 3.03646
0.96686 7.02 3.7623
0.95544 6.37 3.04232
0.94958 6.95 3.38772
0.95606 7.65 5.09061
0.91486 8.13 5.79346
0.94346 6.59 3.77129
0.92402 6.95 3.88236
0.94558 7.85 4.88284
0.91312 7.33 4.47616
0.93136 8.06 5.7247
0.92338 6.98 3.68633
0.95456 7 3.90409
0.94668 7.93 5.25032
0.94364 7.96 4.78992
0.95044 7.06 3.83981
0.95222 7 4.01893
0.9164 7.64 4.69751
0.91518 8.54 5.69933
0.93888 7.03 3.50293
0.92796 7.12 4.28417
0.9571 6.57 3.60022
0.92836 8.62 5.94295
0.95508 6 3.16563
0.94018 6.7 3.58188
0.96816 5.98 2.7479
0.9474 7.61 4.70777
0.94184 7.93 4.56115
0.96996 7.01 3.6786
0.9444 6.95 3.76225
0.95666 6.93 3.57123
0.93488 8.5 5.81325
0.9703 7.03 3.59789
0.94832 7.45 4.07195
0.93648 7.54 4.07576
0.92584 7.8 4.6222
0.91768 7.97 4.79727
0.96692 7.05 3.57293
0.94236 8.1 5.4287
0.94054 7.33 4.11877
0.94618 7.98 4.88922
0.91298 7.18 4.3247
0.94772 6.89 3.48929
0.95032 8 5.08362
0.92602 7.99 4.97569
0.95554 6.95 4.314
0.93712 6.94 3.68093
0.92956 8.32 5.69705
0.94362 6.85 3.53243
0.95794 7.63 4.44728
0.95938 6.15 2.92494
0.97466 6.33 2.92229
0.94312 7.04 3.6463
0.94416 7.94 5.41462
0.96088 5.94 2.79935
0.9443 7.31 4.09874
0.93622 7.89 4.80009
0.9233 7.74 4.7586
0.95136 7.27 4.36898
0.93964 7.02 3.73289
0.92446 7.17 4.33241
0.93112 7.11 4.14936
0.95594 6.96 3.65418
0.92288 8.13 5.57301
0.9404 7.03 3.87274
0.94396 7.1 4.03974
0.96418 7.77 4.67254
0.94528 7.01 3.74073
0.97008 7.08 4.00539
0.91374 7.55 4.47818
0.97392 6 2.64944
0.95016 8.02 5.35984
0.95664 6.87 4.08141
0.9377 7.92 4.7368
0.94598 7.98 5.03776
0.95332 7 3.4723
0.97684 5 1.87424
0.93058 7.82 5.02566
0.93334 6.48 3.37924
0.91982 7.82 4.71987
0.93764 6.85 3.88816
0.91288 7.89 4.7545
0.9675 6.24 3.1909
0.93852 7.52 4.76521
0.9693 6.03 2.97463
0.92412 7.01 3.33859
0.91324 6.97 3.97818
0.94484 6.99 3.80309
0.94874 6.96 3.44619
0.94166 6.51 3.59663
0.95038 6.9 3.58508
0.95996 7.01 4.10809
0.95698 6.6 3.66767
0.91262 7.59 4.47052
0.93376 7.72 4.66589
0.95778 7.07 4.1667
0.9314 7.8 4.66992
0.94628 7.07 3.63563
0.95502 6.74 3.87986
0.93898 7.77 4.75699
0.93086 7.41 4.60494
0.9184 8.01 4.85148
0.94688 8 4.6959
0.96662 6.13 2.8893
0.91698 7.09 3.89293
0.93426 7.4 4.21634
0.92178 7.95 5.04037
0.93752 7.74 4.61053
0.95882 6.99 4.25656
0.9587 7.78 4.72371
0.95692 7 4.06903
0.96374 6 2.58143
0.94358 7.19 3.89056
0.92302 7.89 5.24939
0.9256 7.46 4.52657
0.91538 7.57 4.30471
0.93718 8.59 6.05876
0.95174 6.99 4.07045
0.97238 6.02 2.78617
0.94144 7.97 4.98518
0.95786 6.92 3.63262
0.95394 6.97 4.21825
0.92336 8.61 6.22888
0.9464 6.95 3.7872
0.96312 6.52 3.82468
0.9755 6.06 2.85053
0.9295 8.1 4.90136
0.9568 6.11 2.82235
0.94134 6.7 3.75921
0.94982 7.73 4.61925
0.96058 6.99 3.76631
0.92378 6.89 3.41146
0.94798 6.99 3.46364
0.962 6.8 3.52217
0.93926 7.97 4.83354
0.96852 6 2.78202
0.92512 7.14 4.45851
0.96966 6.96 4.10618
0.9423 7.24 4.44029
0.9565 6.98 4.1234
0.93236 7.89 4.87737
0.93492 8.19 5.37565
0.94922 7.19 4.05069
0.94704 6.88 3.98021
0.95006 6.94 3.74406
0.94114 7.07 3.87057
0.96326 6.81 3.66137
0.95506 6.74 3.54564
0.93688 7.32 4.03765
0.92384 7.37 3.99973
0.9189 7.68 4.39062
0.97958 6 2.61788
0.93846 7.89 4.41751
0.95348 7.01 3.83186
0.93534 7.42 4.09941
0.941 7.91 5.10883
0.9379 7.94 4.5986
0.90648 7.09 3.78933
0.91956 7.81 5.06493
0.97552 5.98 2.74771
0.93082 6.85 3.8231
0.95514 6.97 3.70477
0.95088 6.98 4.19415
0.96292 6.99 3.9736
0.93534 7.44 4.34255
0.95764 7.22 4.30023
0.93872 6.98 3.76438
0.95862 6.98 4.29783
0.9236 7.44 4.42158
0.95986 7.34 4.05158
0.94464 7.01 4.02256
0.96934 7.04 3.68324
0.95772 6.28 3.14933
0.95286 6.92 4.15062
0.9619 6.76 3.4592
0.95128 7.77 4.93253
0.98116 5.05 1.91006
0.9652 5.98 2.98855
0.91924 7.45 3.99506
0.94122 6.95 4.15461
0.96492 7 4.09651
0.96206 5.99 3.02233
0.95016 6.94 4.25655
0.93358 7.31 4.1777
0.94076 7.62 4.65305
0.95782 7.88 5.73049
0.95396 6.99 3.63245
0.94832 8.02 5.37119
0.95652 6.75 3.12809
0.91652 7.73 4.65351
0.96214 6.95 3.33506
0.95602 6.98 4.3509
0.954 6.94 3.26491
0.95468 8 4.93499
0.94558 7.54 4.48825
0.9332 7.33 4.51954
0.9346 7.96 4.59147
0.95648 6.48 3.64526
0.9544 6.97 3.81579
0.93724 7.75 4.48208
0.9506 6.89 3.49359
0.94522 7.93 4.69719
0.96742 6.85 3.6443
0.94282 7.09 4.2398
0.95554 6.37 3.31131
0.95102 7.6 4.91289
0.9148 7.68 4.9184
0.91774 7.15 3.84069
0.92134 6.82 3.54814
0.9511 6.98 3.60164
0.92052 7.51 4.68558
0.9575 6.96 4.06601
0.91826 6.93 3.97407
0.94438 6.93 3.98204
0.93258 7.5 4.76926
0.94928 6.95 3.58306
0.97308 6.11 2.84596
0.9699 6 2.96654
0.9498 7.59 4.79626
0.90778 7.93 5.12065
0.953 6.82 3.66399
0.97302 6.46 3.51532
0.9225 8.02 4.86076
0.97018 6.99 3.39841
0.94574 6.93 3.83875
0.9729 6.99 4.08536
0.96846 7.89 5.01798
0.97052 6.78 4.20441
0.94112 8 4.5511
0.93556 7.61 4.94092
0.91706 7.95 4.86288
0.95484 6.94 3.69701
0.9293 7.97 5.14155
0.93994 7.38 4.71159
0.96008 7 3.85427
0.95562 6.98 3.8763
0.94646 7.15 3.94394
0.93626 7.21 4.0996
0.94924 6.96 3.33245
0.95984 7.83 4.95317
0.9474 6.93 3.87332
0.95586 7.45 4.73137
0.90328 7.67 4.84519
0.94338 7.27 4.36551
0.95192 7.22 4.5123
0.9192 6.77 3.80402
0.92764 7.78 4.86328
0.96126 6.44 3.44911
0.9342 8.55 5.73075
0.94654 7.81 5.30558
0.97076 6.33 3.00288
0.94778 8 5.00323
0.91572 8.57 5.67378
0.94578 7.82 4.82008
0.94258 7.85 4.88335
0.92744 8.08 5.15185
0.95378 6.4 2.95432
0.93934 8.11 5.4671
0.95232 6 2.74847
0.94258 6.96 3.94365
0.94662 6.98 3.36203
0.9411 6.74 3.50279
0.9648 7 3.9711
0.9594 7.97 5.54362
0.93096 7.13 3.81252
0.91296 7.76 4.47722
0.9457 6.88 3.95576
0.9404 7.85 4.82101
0.8992 7.69 4.72475
0.96992 6 2.62272
0.9272 7.53 4.79255
0.96518 7.56 3.86164
0.93266 7.88 4.94374
0.93238 7.04 3.66505
0.97056 6.99 3.83556
0.9288 8.93 6.17377
0.94512 7.96 4.88331
0.9768 6.09 3.04921
0.92974 6.62 3.3289
0.94394 8.88 6.34427
0.9557 6.01 2.69665
0.96384 6 2.68354
0.9526 6.99 3.96402
0.93422 7.85 5.09924
0.93928 7.79 4.68458
0.94038 6.95 3.99092
0.95792 7.13 4.29071
0.96224 7 4.22612
0.91778 8.66 6.29064
0.9583 5.98 3.36769
0.90302 7.91 4.75696
0.93098 7.38 4.04248
0.95712 6.97 3.88202
0.97198 6.07 3.19227
0.95652 7.02 3.43
0.90906 7.22 3.83914
0.9736 6 2.77829
0.94624 7.87 4.79392
0.9171 8.14 5.35336
0.934 7.45 4.34306
0.94934 6.69 3.43938
0.93372 7.08 3.85627
0.92538 7.77 4.67955
0.9316 8.43 5.69568
0.94622 7.28 3.94394
0.97012 6.5 3.51275
0.97512 6 2.85848
0.9652 6.06 2.63007
0.95132 7.08 4.02351
0.91926 6.79 3.76325
0.96542 7.34 4.26113
0.9709 6 2.83909
0.9572 7 3.5074
0.95778 7.44 4.83387
0.96132 6.01 2.92515
0.93474 7.96 4.81749
0.9325 7.61 4.74633
0.94196 7.09 4.01741
0.9209 8.23 5.08903
0.92622 8.1 5.0565
0.93428 7.66 4.39359
0.95188 7.95 4.35889
0.94446 6.78 4.09557
0.93386 7.77 4.30995
0.95348 6.28 3.1053
0.96062 7.74 4.43947
0.95102 7.89 4.93059
0.93546 7.88 4.88996
0.95938 7 4.23023
0.9285 6.88 3.74088
0.95906 6.32 2.84099
0.93836 7.7 5.09062
0.94744 7.16 4.25537
0.9583 7.01 3.38029
0.9547 8.16 5.06367
0.94908 6.89 3.94272
0.9286 7.67 4.74037
0.95718 6.88 3.92024
0.93918 8.06 5.40549
0.92538 7.76 4.95797
0.92768 8.16 5.36828
0.9161 7.94 4.6547
0.95856 6.65 3.57349
0.9519 7 3.40413
0.95472 6.97 3.98392
0.95752 7.13 4.19731
0.95096 7 3.4543
0.94964 6.82 3.60644
0.94476 7.84 5.07813
0.95602 6.98 3.96074
0.92464 7.86 4.86756
0.9595 7.35 3.70558
0.96194 7.91 4.9019
0.957 6.73 3.66708
0.9687 6.45 3.14046
0.9503 8.02 5.19524
0.9303 7.93 4.94825
0.91996 6.8 3.30793
0.93818 7.55 4.82994
0.9413 7.91 4.68459
0.92332 7.74 5.08638
0.95398 6.99 3.67526
0.96324 6.98 3.90272
0.95734 6.94 4.1378
0.91844 6.8 3.47885
0.952 5.98 3.17013
0.96768 6.98 3.06203
0.94322 6.68 3.64639
0.96862 6.98 4.15545
0.96054 7.98 4.84548
0.94892 6.96 3.98771
0.94368 7.99 5.00399
0.91176 7.75 4.47568
0.9264 7.21 4.47198
0.94036 7.71 4.65948
0.93808 7.86 4.73519
0.9445 7.17 3.53774
0.944 7.18 4.25429
0.92334 7.79 4.80657
0.9558 7.51 4.6316
0.94676 7.22 4.22759
0.9607 7 3.69978
0.91872 7.78 4.83618
0.95752 7.75 5.11918
0.91854 7.14 4.05846
0.93738 8.21 4.94354
0.94774 8.84 5.83015
0.93876 7.51 4.54714
0.96218 5.85 2.54612
0.93964 6.95 3.96185
0.9364 7.84 4.64083
0.962 6.17 2.97297
0.94356 7.53 4.53968
0.92756 7.51 3.91962
0.9338 6.59 3.16592
0.9568 6.98 3.8587
0.93656 7.92 5.35997
0.93614 7.97 4.92641
0.9342 7.74 5.28252
0.97692 6.13 3.49266
0.96442 6.8 3.9565
0.91918 8.09 5.58602
0.92984 7.89 5.07443
0.97396 5.98 2.69676
0.9282 7.45 4.35953
0.95092 6.65 3.71573
0.9177 7.61 4.65329
0.93608 7.87 5.10203
0.95418 6.93 3.70779
0.94926 6.86 4.1407
0.94744 6.19 2.99729
0.92156 7.53 4.6163
0.91784 8.43 5.1326
0.9678 6 2.40568
0.94474 6.92 3.94881
0.9613 5.93 2.93555
0.95274 6.65 3.5092
0.96768 6.02 2.98992
0.95252 7.01 3.78638
0.93248 7.14 4.03347
0.97168 6 2.74849
0.90752 8.06 5.28014
0.93182 7.83 4.77558
0.94862 6.95 3.47842
0.95826 6.56 3.70769
0.92832 6.77 3.60727
0.95112 7.05 3.62557
0.96028 7.51 4.62124
0.93774 7.19 4.30546
0.9313 8.04 5.30475
0.91344 7.88 4.70873
0.94024 7.12 3.7865
0.98402 5.94 2.5691
0.93928 7.95 4.91615
0.95482 7 4.06391
0.95906 5.94 2.57243
0.94936 7.69 4.87152
0.9437 7.91 4.83904
0.95186 6.68 3.80566
0.9365 7.84 5.24715
0.93362 7.08 3.62385
0.94538 7.83 4.79602
0.95508 6.18 3.06218
0.95376 6.96 3.82817
0.95788 6.98 4.39621
0.96122 7 4.18369
0.94908 8.57 5.84086
0.94256 7.5 4.45553
0.94686 7.24 4.12627
0.90892 7.53 4.814
0.9483 6.81 4.19904
0.9266 7.35 4.50502
0.96176 6.78 3.6479
0.92724 7.05 3.82864
0.92074 8.62 6.04015
0.93122 7.53 4.53366
0.9442 7.93 4.99494
0.92864 7.78 5.04453
0.94108 7.34 4.56437
0.95594 7.12 3.90566
0.95362 7.22 4.00944
0.9378 7.93 5.06284
0.9553 6.95 3.54743
0.9472 7.94 4.72469
0.96336 6 2.71671
0.94428 6.28 3.32166
0.9555 6.04 2.63841
0.93476 6.97 4.15213
0.93556 8.07 4.91556
0.92454 7.02 3.74322
0.95388 6 3.00526
0.9545 6.1 2.45221
0.95538 6.49 3.25356
0.93652 7.73 4.61331
0.93592 7.91 5.03611
0.94428 7.45 4.10882
0.951 6.97 4.01954
0.93306 6.74 3.79152
0.96572 6.58 3.46879
0.96082 6.39 3.53371
0.94956 6.49 3.3249
0.91422 7.75 5.10589
0.96928 7.27 4.37678
0.96006 6.87 3.95419
0.92584 7.92 5.49361
0.92682 7.97 5.25565
0.95146 6.95 3.72739
0.95646 6.28 3.22862
0.92582 6.67 3.1038
0.9473 7.6 4.77039
0.94254 6.92 3.90943
0.96066 6.85 4.30913
0.9214 7.88 5.37538
0.9456 8.61 5.79623
0.92082 7.71 4.80335
0.92444 7.88 5.50829
0.9291 7.92 4.88688
0.97692 6.99 3.75121
0.9582 6.38 3.46122
0.93532 7.58 4.25322
0.92756 7.75 4.7487
0.95278 7.04 4.24202
0.93996 7.88 4.69361
0.95812 7.05 3.8557
0.96186 6.97 3.64847
0.96142 6.57 3.58304
0.9264 7.65 4.50652
0.93872 7.55 4.65181
0.92058 7.08 3.83238
0.94642 7.71 4.21671
0.95322 7.08 4.0181
0.94376 7.94 4.82729
0.9515 6.99 3.27249
0.94508 7.84 4.8692
0.94678 8.31 5.49757
0.97598 6 2.70333
0.92776 9.26 7.24902
0.94398 7.49 4.65055
0.9384 7.91 5.52283
0.96898 6.25 3.13002
0.96622 7.16 4.55366
0.94804 7.71 5.06523
0.94726 7.86 4.81535
0.96168 6.06 2.72493
0.90646 7.58 4.99024
0.95452 7.02 4.14536
0.9565 6.99 3.5863
0.96698 6.9 3.91739
0.9328 7.6 4.56095
0.91844 7.85 4.80774
0.95558 6.98 3.94312
0.94492 7.45 4.73003
0.92108 8.35 5.68623
0.9355 7.99 5.26763
0.92902 8.26 5.27738
0.95226 7.18 4.3751
0.93222 6.65 3.45566
0.9319 7.01 3.65901
0.91204 7.43 4.4109
0.9392 7.93 4.85059
0.92198 7.48 4.88073
0.934 7.66 4.90081
0.96564 6.98 3.95876
0.95734 7.19 3.83099
0.92664 7.05 3.89755
0.95038 6.97 4.29795
0.95966 7.3 4.09867
0.95926 6.95 3.67257
0.95698 6.97 3.51207
0.95602 7.3 4.12807
0.96756 7.68 4.71712
0.91822 9.22 7.29937
0.9311 6.74 3.71013
0.94782 6.64 3.19467
0.95424 6.99 3.29981
0.94596 7.87 5.13422
0.95136 6.98 3.71489
0.95896 7 3.78449
0.97978 5.73 2.67714
0.93492 5.97 2.65986
0.91118 7.8 4.64854
0.9368 7.81 4.75135
0.94912 7 4.02264
0.92708 7.92 5.29824
0.95244 6.76 3.42851
0.93798 8.02 4.7465
0.94032 7.88 4.85583
0.93184 6.87 3.74982
0.9333 7.59 4.95312
0.93336 6.57 3.29989
0.97916 6 2.52526
0.95744 6.99 4.02108
0.93248 7.72 4.77134
0.94612 6.95 3.83134
0.96494 6.98 3.89742
0.95248 6.99 3.60497
0.9551 6.99 3.4671
0.91772 7.79 4.51743
0.94956 6.9 3.5679
0.9607 6.98 3.44685
0.92808 7.8 4.88121
0.96428 7 4.03979
0.95546 6.98 3.9616
0.9399 6.28 3.27826
0.92848 7.96 5.17801
0.97302 7.12 4.04997
0.96156 7.6 4.16679
0.95746 6.93 3.9307
0.95956 6.96 4.1368
0.95292 7.02 3.79702
0.90868 7.61 4.73415
0.95372 7 3.32229
0.89944 7.45 4.76893
0.95148 6.98 3.49035
0.96562 5.69 2.58413
0.93374 7.81 5.10283
0.93368 7.01 4.11481
0.961 7.7 4.62607
0.96124 7.64 4.50565
0.94516 6.93 3.81411
0.95722 7.11 3.86666
0.96866 6.87 3.48725
0.95864 6.52 3.39456
0.92908 7.79 4.39418
0.9417 6.92 3.52111
0.93784 7.64 4.58107
0.90712 7.99 4.91169
0.92666 7.75 4.55362
0.92486 7.29 4.37693
0.95258 7 3.19951
0.93862 6.81 3.79439
0.95874 7 3.76063
0.94676 7.24 4.81244
0.95338 6.82 3.46459
0.92664 8.51 5.5228
0.9375 7.88 4.85799
0.95284 7.94 4.83385
0.94148 6.72 3.71001
0.94522 7.87 5.24178
0.95066 7.09 3.9497
0.96424 6.15 2.76626
0.93658 6.55 3.13024
0.9237 7.13 4.07161
0.90324 7.73 4.90994
0.94854 7.25 3.98693
0.94396 6.99 3.7412
0.94972 6.96 4.06692
0.97136 6.89 3.85677
0.91016 8.6 5.80556
0.94562 8 4.58001
0.94706 7.66 4.44957
0.95974 6.65 3.5275
0.9181 7.61 4.76406
0.93776 7.71 4.51331
0.9492 7.97 4.87323
0.95548 7.12 4.28047
0.94676 7.67 4.57301
0.93108 7.89 4.97016
0.93658 6.86 3.77001
0.9366 7.9 5.40205
0.95256 7.28 5.01728
0.95708 6.81 3.51744
0.93934 7.07 4.23545
0.92012 6.93 3.51836
0.91848 7.35 4.04239
0.96396 7.33 4.14354
0.93506 7.75 4.66203
0.95146 8.11 4.85593
0.94652 7.96 4.8629
0.952 7.51 4.23386
0.94932 6.02 2.68727
0.91848 8.61 6.03928
0.95982 7.04 4.3211
0.91466 7.24 4.13593
0.94222 8.11 4.98322
0.9559 6.13 2.91134
0.96368 6.11 3.103
0.93724 7.04 4.02447
0.95346 6.86 3.63182
0.95466 6.99 3.89212
0.94524 7.76 4.82159
0.95982 6.04 2.70763
0.95702 6.61 3.62404
0.93368 7.76 4.54654
0.93878 7.95 5.01725
0.93944 7.95 5.28013
0.94934 7 3.84603
0.9467 6.91 3.58416
0.96336 6.94 3.93786
0.93726 7.07 3.84004
0.9087 6.91 3.4349
0.89956 7.25 4.26944
0.93878 7.8 5.38801
0.94438 7.09 4.15188
0.93318 7.93 4.39153
0.95514 6.96 3.93454
0.93468 6.93 4.01465
0.93248 7.42 4.0718
0.94732 7.01 4.32685
0.94872 8.12 5.27136
0.96742 7 3.67909
0.9761 5.11 1.98497
0.94054 6.85 3.48767
0.93292 7.9 4.638
0.92646 7.2 4.10611
0.95078 7.88 5.13331
0.92254 8.64 5.80172
0.96708 5.88 2.68306
0.93532 7.68 4.61696
0.96154 6.8 4.16783
0.96782 7 3.67016
0.95516 7.03 4.03915
0.9481 6.76 3.86018
0.92598 7.93 4.71157
0.9289 6.98 3.64651
0.94568 6.54 3.35494
0.94914 7.15 3.72336
0.93566 7.11 4.02721
0.9366 6.98 4.04178
0.93222 6.91 3.65148
0.95052 6 3.1015
0.98264 6 2.57687
0.94768 7.49 4.27336
0.91932 7.92 4.69953
0.97666 6.53 3.21231
0.92418 7.66 4.7206
0.92442 7.07 3.97367
0.96948 6 2.79621
0.93932 6.79 4.01417
0.93476 6.85 3.74517
0.9387 7.45 4.48108
0.93052 7.6 4.6661
0.94656 6.45 3.12245
0.94262 6.25 3.37627
0.94192 7.79 5.10297
0.9664 6.65 3.48236
0.91524 7.67 4.69997
0.93584 7.97 4.98877
0.9185 7.95 5.34152
0.93298 7.42 4.25472
0.91614 8.44 5.7372
0.95028 6.63 3.85742
0.95964 7.9 5.14537
0.92356 7.68 4.73403
0.9283 7.81 4.40736
0.92512 8.4 5.65621
0.96768 6.63 3.46856
0.97396 5.92 2.73513
0.92432 7.94 5.30885
0.94758 6.97 3.5371
0.9472 7.98 5.15385
0.95684 6.19 2.75289
0.93418 7.71 4.13849
0.93602 7.98 4.77732
0.947 7.41 4.69463
0.93162 7.97 5.04055
0.94936 6.95 3.49905
0.9324 7.34 4.18579
0.92974 7.57 4.38904
0.95906 7 3.43391
0.92576 7.95 4.90923
0.94382 7.92 5.13574
0.9172 8.59 5.73125
0.9244 7.62 4.52639
0.95494 7.92 4.51355
0.92982 7.42 4.5476
0.93124 7.66 4.43152
0.96408 7.01 3.58284
0.94348 7.46 4.26618
