50 190
0 1
0 2
0 3
0 4
0 5
0 6
0 7
0 8
0 9
0 10
0 15
0 17
0 18
0 19
0 20
0 21
0 26
0 27
0 38
0 46
1 0
1 2
1 3
1 4
1 5
1 6
1 10
1 12
1 15
1 17
1 22
1 23
1 27
1 49
2 0
2 1
2 3
2 4
2 5
2 8
2 9
2 10
2 11
2 12
2 13
2 14
2 17
2 23
2 26
2 34
2 37
2 39
2 43
2 48
3 0
3 1
3 2
3 4
3 5
3 6
3 7
3 11
3 12
3 15
3 19
3 29
3 33
3 37
3 39
3 44
3 47
4 0
4 2
4 3
4 1
4 8
4 13
4 24
4 26
4 27
4 31
4 45
5 3
5 0
5 1
5 2
5 6
5 7
5 8
5 9
5 11
5 13
5 14
5 20
5 23
5 25
5 26
5 27
5 33
5 36
5 42
5 43
5 49
6 3
6 0
6 1
6 5
6 7
6 9
6 14
6 16
6 18
6 19
6 21
6 22
6 24
6 25
6 30
6 32
6 38
6 42
6 48
7 3
7 6
7 0
7 5
7 11
7 12
7 13
7 15
7 16
7 18
7 22
7 28
7 31
7 33
7 39
7 42
8 2
8 4
8 5
8 0
8 16
8 18
8 20
8 24
8 25
8 34
8 39
8 41
8 47
9 0
9 5
9 2
9 6
9 10
9 14
9 16
9 20
9 29
9 43
9 47
10 2
10 1
10 0
10 9
10 22
10 28
10 30
11 2
11 5
11 3
11 7
11 31
12 3
12 2
12 7
12 1
12 17
12 35
12 36
13 4
13 5
13 2
13 7
13 45
14 5
14 9
14 2
14 6
15 7
15 1
15 3
15 0
15 21
15 42
16 8
16 9
16 6
16 7
16 21
16 23
17 2
17 12
17 1
17 0
17 32
17 36
17 37
17 38
17 45
18 0
18 7
18 8
18 6
18 19
18 43
18 49
19 0
19 3
19 18
19 6
19 24
19 33
20 0
20 9
20 5
20 8
20 32
21 16
21 6
21 15
21 0
21 30
21 37
22 1
22 7
22 10
22 6
22 28
22 35
23 16
23 1
23 5
23 2
23 32
24 4
24 8
24 19
24 6
24 25
24 29
24 41
25 24
25 8
25 5
25 6
25 29
25 30
25 40
26 5
26 0
26 4
26 2
26 35
26 40
26 41
26 49
27 5
27 4
27 1
27 0
27 28
27 31
27 35
28 10
28 7
28 27
28 22
28 34
28 40
28 48
29 3
29 25
29 9
29 24
30 21
30 10
30 25
30 6
30 36
31 4
31 7
31 27
31 11
31 44
32 23
32 6
32 20
32 17
32 34
32 46
33 7
33 3
33 5
33 19
33 41
33 46
34 28
34 2
34 8
34 32
34 38
35 22
35 27
35 26
35 12
36 12
36 5
36 17
36 30
37 3
37 21
37 2
37 17
38 6
38 17
38 0
38 34
38 44
39 3
39 2
39 7
39 8
39 40
39 44
39 48
40 28
40 39
40 25
40 26
41 26
41 33
41 8
41 24
42 7
42 5
42 6
42 15
43 5
43 2
43 18
43 9
43 45
43 47
44 3
44 31
44 39
44 38
45 43
45 17
45 4
45 13
45 46
46 0
46 33
46 32
46 45
47 3
47 43
47 9
47 8
48 39
48 2
48 6
48 28
49 26
49 1
49 18
49 5
