0.93908 6.76 3.61442
0.96884 7 3.54081
0.92408 7.14 4.22979
0.96144 7.02 4.35974
0.95188 8 4.44457
0.92664 7.74 4.78379
0.95924 7.94 5.16215
0.9512 7 4.07745
0.93872 7.26 4.21596
0.93296 7.5 4.61114
0.95196 8 5.22146
0.97316 6.1 2.54871
0.94872 7.34 4.24087
0.94284 6.98 3.4006
0.9472 6.36 3.12824
0.9268 7.32 4.32328
0.93228 7.74 5.08835
0.97316 7.16 3.85861
0.94268 7.68 4.37918
0.94016 6.8 3.93085
0.95616 7.9 5.24732
0.93708 7.68 5.09105
0.9646 7.9 5.30068
0.96408 6.28 2.8924
0.9242 7.2 3.84683
0.91492 7.24 4.02314
0.96932 6.74 3.93997
0.97732 7 3.82114
0.98072 6.04 2.78278
0.9476 7 4.11885
0.956 6.94 3.63117
0.94904 7.12 4.57299
0.94648 7.5 4.77103
0.95072 7.02 3.53992
0.97864 6.98 3.4595
0.96756 7.4 4.57087
0.94536 7.04 3.55613
0.94744 7.84 4.85474
0.9754 6.88 3.34466
0.93216 7.52 4.89203
0.97988 7 3.39185
0.96432 7 3.74248
0.96108 5.98 2.68372
0.94968 7 3.96403
0.9706 6.96 3.50932
0.96768 7 3.57461
0.91252 7.26 4.19731
0.95768 7 3.57578
0.92408 8.02 5.34584
0.95484 7.38 4.76939
0.91544 8.74 6.28096
0.9728 6.92 4.12353
0.96708 6.86 3.6181
0.94652 6.92 4.67982
0.97432 5.98 2.65039
0.96772 6.72 4.4444
0.95712 6.22 3.11767
0.93016 6.9 3.76147
0.92668 8.04 5.96042
0.93692 7.54 4.41658
0.95432 7.7 4.39414
0.959 6.56 3.77746
0.9628 6.98 4.3021
0.94536 7.96 5.28062
0.96132 6.5 3.13629
0.9444 8.44 5.66382
0.96388 6.36 3.23832
0.95876 6.98 4.06406
0.971 6.54 3.29137
0.97376 5.94 2.58972
0.944 6.96 3.74467
0.96148 6.48 3.05276
0.97132 5.94 2.65023
0.95552 6.98 3.64773
0.95188 7.48 4.80153
0.95192 7.86 4.43719
0.96476 7.68 4.45462
0.96884 6.8 4.01872
0.94836 6.18 2.92925
0.9594 6.32 3.14978
0.93776 7.88 4.60688
0.95552 8.22 5.16042
0.94804 7.32 4.72471
0.96996 7 3.9981
0.95404 6.76 3.15379
0.93636 6.62 3.80166
0.94532 7.88 4.54516
0.9636 8 4.94766
0.93388 7.04 4.15417
0.95884 7.92 5.05961
0.96384 7 4.02457
0.95304 6.18 3.19071
0.9562 7.84 5.14648
0.92472 7.96 5.59906
0.93824 7.86 4.69145
0.94468 7.3 4.12631
0.90984 7.92 5.34451
0.95792 7.8 4.49886
0.94284 8.24 5.50444
0.9472 9.1 7.10257
0.93532 8.48 5.89168
0.96044 7 3.26473
0.97252 6 2.79395
0.94188 6.94 3.72158
0.96972 6.88 3.25644
0.97564 6.46 3.23101
0.92576 6.86 3.28157
0.97356 5.84 3.11818
0.94836 6.9 3.48082
0.9658 6.88 4.01741
0.95988 6.98 4.13096
0.96356 6 2.81154
0.95904 7.52 4.87749
0.96324 6.88 3.97756
0.96416 7 3.92103
0.94104 7.32 4.44094
0.97028 6.8 4.19407
0.9594 7.96 5.43722
0.9382 8.72 7.38984
0.96752 6.98 4.74256
0.92576 7.92 5.16875
0.96164 7.06 3.55268
0.94888 6.96 3.20667
0.9636 7 3.78796
0.9292 7.76 5.31324
0.97912 6 2.86901
0.93328 7.52 4.35213
0.92008 7.64 4.79604
0.93504 7.94 4.97088
0.973 7 3.92646
0.96964 7 3.5894
0.96736 6.98 3.81095
0.96712 5.94 2.70857
0.94192 7.48 4.96511
0.93956 8 4.81814
0.95732 7.94 5.09885
0.95928 7.74 5.13677
0.96492 6 2.87282
0.95352 7.94 5.26765
0.93528 8.08 5.13982
0.97744 6.12 2.6434
0.96232 6.94 4.11321
0.96168 7.2 4.27304
0.95028 6.92 3.7834
0.96008 6.16 2.84679
0.95748 6.56 3.82586
0.96404 6.88 4.07818
0.93684 7.5 4.54932
0.9628 7.98 5.65836
0.95904 6.78 3.24277
0.95952 6.98 4.31508
0.95536 8 4.93673
0.96884 7 3.94414
0.91916 8.46 5.54572
0.93776 7.74 4.80811
0.95728 7.02 3.51516
0.96032 5.92 2.92233
0.9476 8.02 4.87496
0.9608 6.98 4.60752
0.96024 6.5 3.66608
0.97368 6.76 3.66964
0.93688 8.96 6.40787
0.95692 7.56 5.02857
0.97084 7 3.34831
0.9562 6.72 3.36638
0.95884 6.98 3.27423
0.9488 6.92 3.63468
0.94708 6.96 3.81129
0.93408 6.74 3.73218
0.94028 6.84 3.6741
0.97536 7.12 4.40425
0.95896 7 3.76378
0.9736 6 3.10388
0.97908 5.98 2.60211
0.9764 6.02 2.27603
0.94528 8.38 5.78867
0.93508 6.52 3.06648
0.93888 7.76 4.4067
0.96112 6.98 4.10881
0.97012 6.9 3.97846
0.964 6.96 3.98972
0.945 7.52 4.94075
0.95864 6.94 3.5001
0.94072 8.14 5.50013
0.9682 7.92 4.81099
0.96764 6.2 2.81202
0.9646 6.2 2.48356
0.93808 7.72 4.56566
0.93204 7.32 4.59052
0.95652 6.88 3.77936
0.97412 6 2.41568
0.93632 8.18 5.33831
0.9538 7.5 4.14655
0.96396 7.34 4.12576
0.9366 6.66 3.09455
0.95556 6.54 3.68136
0.92212 6.26 2.93393
0.94268 7.94 4.88866
0.94856 7.96 4.75474
0.94628 7.86 4.46519
0.96508 7.96 5.23782
0.98156 6 2.7221
0.9784 6 2.66627
0.9522 7.94 5.15876
0.96088 7.02 4.16725
0.97796 6.14 3.00379
0.92964 7.98 4.93295
0.95376 8.02 4.76842
0.966 6.88 3.97758
0.97224 5.92 2.70414
0.94656 7.08 3.59323
0.9652 6.62 3.19379
0.97192 5.56 2.53454
0.9434 7.12 4.1243
0.9306 7.32 4.17051
0.97124 7.56 4.73161
0.94004 8.06 5.18928
0.94516 7.34 3.92471
0.91936 7.84 4.87242
0.96064 6.92 3.74147
0.9536 7.92 4.74782
0.9438 6.82 3.87686
0.93256 7.64 4.67862
0.92668 6.66 3.57628
0.9492 7.1 4.07929
0.92292 7.74 4.97874
0.92992 7.96 5.00192
0.92516 7.94 4.78974
0.9372 7.88 5.69172
0.93764 7.38 4.70213
0.9772 6.18 3.01178
0.95748 7.98 5.12439
0.92612 9 6.14863
0.92936 7.58 4.91704
0.95936 7 3.57476
0.95224 6.98 3.4023
0.9398 6.96 3.64039
0.959 6.72 3.66003
0.9678 7.14 3.87103
0.961 6.46 3.13298
0.93748 8.2 5.73635
0.96624 6.96 4.16268
0.95568 7.4 4.41029
0.92708 8.94 6.61225
0.98572 6 2.64652
0.9266 8.06 5.34211
0.9636 6.44 3.60359
0.92052 7.88 5.32685
0.91872 8.44 5.51291
0.97608 6.98 3.83358
0.96204 7.14 4.29475
0.9168 7.72 4.64213
0.95092 7.98 5.14449
0.94908 7.9 5.84005
0.94728 7.98 5.00711
0.95872 8.68 6.29833
0.94864 7.52 4.9018
0.94356 8.06 5.09069
0.96992 7 4.06821
0.95492 7.98 5.1803
0.95868 6.98 3.83173
0.96636 7.3 4.2933
0.95072 7.26 4.05885
0.96616 6 2.63431
0.9548 7.86 4.93145
0.94828 8 4.85403
0.97528 7.08 3.83229
0.96108 6 2.9303
0.9598 7.46 4.60957
0.9412 7.42 4.41845
0.94872 7.16 4.06172
0.94456 7.24 4.23033
0.95328 6.96 3.99245
0.96508 6.84 3.44141
0.94872 7.82 4.59405
0.96444 6.98 4.05357
0.95332 6.9 3.62574
0.92424 6.72 3.48526
0.9546 7.12 3.50914
0.93088 7.66 5.12503
0.93856 8.82 6.50936
0.95936 7.88 5.04777
0.97 6.96 3.58031
0.92524 9.72 7.91097
0.94252 8.24 5.24102
0.98028 6.2 3.01724
0.94244 7.86 5.12278
0.9514 7.06 3.78801
0.9558 6.8 3.4137
0.95864 7 3.60959
0.95772 7.06 3.59697
0.95004 8.02 4.89906
0.94548 6.64 3.33947
0.9584 7 4.03559
0.97456 7 3.95133
0.9616 7 3.96376
0.96352 6.94 4.37968
0.9384 7.48 4.57575
0.94152 8.14 5.08037
0.9432 6.68 3.48291
0.96056 5.92 2.87073
0.94636 6.94 3.71147
0.97264 7.74 4.9033
0.9734 7.14 4.44004
0.94164 8 5.25634
0.96716 7 3.65199
0.9578 6.88 3.94367
0.95316 6.82 3.59761
0.95636 6.26 3.00536
0.96636 6 2.86293
0.95032 7.86 4.7021
0.95672 7 3.95207
0.95548 7.8 5.32455
0.92844 8.44 6.19382
0.92352 7.98 4.81446
0.952 6.96 3.98568
0.9686 7 4.10392
0.97752 6.98 4.3675
0.92532 7.96 5.14274
0.96076 7 4.15735
0.9526 7.74 5.38168
0.92848 7.5 4.84762
0.955 7.4 4.61706
0.95572 6.96 4.04873
0.96764 7 4.1706
0.97084 7 4.50745
0.96628 6.96 3.41086
0.96092 6 2.74922
0.94696 7.88 5.12101
0.97004 5.98 2.73423
0.96604 5.96 3.20396
0.94632 7.26 4.04098
0.94996 7 4.13112
0.9418 7.98 4.71477
0.96936 6.06 2.74272
0.96692 6 2.78673
0.96144 7 4.25755
0.96292 7.02 3.37995
0.96024 6.64 3.47667
0.96796 7.08 4.91965
0.9564 6.98 4.05775
0.94764 6.98 3.47665
0.94016 8.12 5.47872
0.9688 6.08 2.93661
0.96348 6.84 3.83775
0.96036 7.14 3.57746
0.96624 6 3.34039
0.95024 7.62 4.96114
0.97512 7 3.99143
0.92888 7.12 3.99205
0.94992 7 3.97056
0.9574 7.02 3.55561
0.97776 6.18 2.77562
0.95004 8.42 5.62137
0.97592 8 5.74835
0.95976 7 4.55546
0.95724 7.84 4.81628
0.95012 7.28 3.64964
0.97416 7 4.22849
0.97192 6 2.44413
0.95624 5.86 3.41992
0.92532 7.44 4.23375
0.94732 6.96 3.48206
0.95244 7.3 4.00969
0.95192 7.58 4.99498
0.97624 6 2.37228
0.928 7.28 4.64258
0.94488 7.08 4.25077
0.951 7.98 4.64823
0.97228 6 2.45631
0.96404 6.98 3.36348
0.9728 5.1 2.32019
0.95712 6.6 3.6943
0.92872 8.72 5.50518
0.96972 6.04 2.84981
0.9668 6 2.98507
0.9328 7.92 5.00739
0.94168 6.62 3.9659
0.98068 6.38 2.71089
0.95428 7.02 3.82237
0.91564 8.16 5.48312
0.97992 6 2.8224
0.95244 7.02 4.21749
0.93888 7.06 4.40396
0.93472 8.1 5.17909
0.9398 7.88 4.76038
0.9642 7 3.5328
0.927 7.64 4.63698
0.9454 7.86 4.91694
0.94284 7.98 4.90444
0.93956 7.02 4.06447
0.9306 7.76 4.95443
0.94576 7.94 4.96131
0.9342 6.78 3.45471
0.95036 7.7 4.43358
0.95732 8 5.06432
0.9508 6.96 3.8965
0.9476 7.86 4.60305
0.94336 8.02 4.92311
0.9592 6.78 3.44924
0.96408 7 3.51304
0.95564 6.98 4.00871
0.94908 6.96 3.46087
0.92588 8.7 6.12879
0.96236 7 3.51234
0.94036 7.9 5.01061
0.935 7.5 4.34635
0.93932 7.08 3.78144
0.93188 7.92 4.69675
0.94748 7.9 4.97491
0.96472 7 3.88957
0.9656 6.84 3.60055
0.96204 7 3.70306
0.94604 7.88 4.8397
0.9702 7.48 4.32238
0.9708 7.98 4.73151
0.96196 7.48 4.90262
0.9212 8.1 5.16132
0.9512 7.14 4.73842
0.92844 7.02 3.44682
0.974 6 2.71683
0.96012 6.24 2.817
0.94516 7.46 4.25388
0.9694 7 4.34369
0.92536 7.46 4.18857
0.9188 7.62 4.73787
0.95956 6.86 3.80485
0.94172 6.9 3.65089
0.96588 6.98 3.78076
0.96156 5.96 3.02058
0.94484 7.38 4.71047
0.92732 7.84 4.76168
0.95996 7 4.31653
0.97076 6 2.59884
0.97792 6.98 3.68133
0.92588 6.62 3.48312
0.9328 7.24 4.57065
0.97448 6.98 4.26975
0.96424 6.96 4.2074
0.97828 6.96 4.04875
0.96184 7.98 5.0975
0.96868 7.02 4.22121
0.94 6.88 4.07778
0.95904 7.86 5.14008
0.95884 6 2.83561
0.95804 6.94 3.57661
0.96004 8 5.02715
0.95952 6.96 3.54539
0.96516 6.66 3.4015
0.96984 6.92 3.97406
0.91688 7.54 4.59129
0.95104 6.92 3.47991
0.9474 7.7 5.1863
0.95908 7.58 4.60985
0.95916 7 4.18454
0.97576 5.88 2.79023
0.94376 7.9 4.75323
0.95164 7 4.07025
0.96208 6.82 3.60433
0.9758 7 3.67586
0.94536 6.94 3.55349
0.94072 6.84 3.60074
0.98004 7 3.5206
0.95312 7.02 3.71283
0.91852 7.62 4.33348
0.9542 6.46 3.86069
0.95436 6.98 3.07047
0.92716 7.94 4.64324
0.93936 8.32 5.73973
0.97588 5.96 2.92712
0.96816 7.02 3.13626
0.95224 7 4.18353
0.94276 7.54 5.03426
0.953 7.24 4.20401
0.97932 6 2.51267
0.93848 8.04 5.4807
0.9482 7 3.44706
0.92876 7.7 4.97258
0.96536 6.92 4.45302
0.97144 5.98 3.03948
0.90532 7.46 4.25365
0.9568 6.94 3.66011
0.95408 7.3 4.23693
0.947 7.98 5.33889
0.95532 6.96 3.69548
0.9612 7.82 4.8987
0.94676 7.62 4.59379
0.9484 6.94 3.81071
0.95676 6.58 3.43359
0.9592 7.58 5.22251
0.97184 6 2.78278
0.95568 6.84 3.34587
0.9784 6.98 3.61334
0.9582 6.92 3.8618
0.897 8.42 5.83845
0.90516 8.84 6.57217
0.94416 7.9 5.21494
0.95752 7.7 5.80561
0.94168 6.24 3.40326
0.96688 7 3.37102
0.93144 7.02 4.37491
0.93904 6.54 3.60488
0.95356 6.98 3.76797
0.9648 7.9 5.6137
0.96396 7 3.64995
0.92972 7.48 4.05624
0.94728 7.26 4.39281
0.93292 7 4.26865
0.95928 7.72 5.7377
0.93096 7.82 4.87006
0.9428 7.06 4.25373
0.92756 7.74 4.7299
0.97036 7.12 3.80565
0.97112 6.88 4.36981
0.96976 7.08 3.88767
0.95908 7.96 4.69282
0.97628 6.2 2.51104
0.95808 7.04 4.15831
0.94852 7.78 5.43418
0.96016 7.38 4.42565
0.94396 8 4.81005
0.97648 6 2.77184
0.968 6 3.30159
0.94628 7 4.08948
0.92108 7.8 4.84785
0.96056 7 3.59597
0.93976 7.58 4.61406
0.9238 7.66 4.68674
0.9698 7.02 4.34871
0.93876 7.32 4.32905
0.93956 7.82 4.56575
0.96712 7.04 4.48635
0.94912 7.38 4.34699
0.9344 6.96 3.70252
0.94484 6.96 3.66825
0.96608 6.96 4.04967
0.9618 6.98 4.09074
0.93872 6.96 4.16047
0.93368 7.8 5.18763
0.93028 7.84 5.0961
0.94396 7.06 4.08331
0.95468 7.34 4.24553
0.96388 7.38 4.10167
0.92572 7.2 4.67597
0.96348 8 4.46725
0.93384 6.94 4.1116
0.97336 7.94 4.3472
0.94132 7.02 3.93141
0.9576 6.9 4.12098
0.95384 6.94 3.90777
0.9206 8.62 5.77383
0.97024 7 3.986
0.93468 8 5.26783
0.96436 7.86 4.67472
0.97544 6.78 3.53861
0.926 8.16 5.0754
0.94172 7.36 4.52463
0.9576 6.96 3.38054
0.96668 7.26 4.47239
0.94864 7.96 5.30913
0.96716 6.04 2.90384
0.94528 7.8 5.20072
0.96216 7 4.03644
0.94176 7.94 4.91641
0.96328 7.94 5.15387
0.96992 7 3.52487
0.9498 7.92 5.37622
0.94136 8.04 5.13787
0.95664 8 4.9956
0.94652 6.96 4.03331
0.97376 7 3.79783
0.93136 8.14 5.12368
0.95908 6.8 3.80925
0.92936 7.74 4.43013
0.93084 7.64 4.75797
0.95932 7.12 3.90889
0.97352 6 2.68171
0.95112 7.62 4.80051
0.94692 6.92 3.90859
0.94688 8 4.63856
0.9674 7.54 5.06206
0.942 8 4.9803
0.93028 7.76 4.84479
0.91776 9.12 6.77783
0.93556 8.28 5.5977
0.972 5.96 2.57369
0.96224 7.04 3.80623
0.95256 6.96 3.53912
0.9604 7.16 4.41374
0.92804 7.6 4.92366
0.9644 6.82 3.79644
0.92916 8.02 5.36261
0.93752 7.44 4.61247
0.97356 6.24 2.96964
0.91412 7.88 4.90718
0.91728 7.26 4.43374
0.93372 8.1 5.75388
0.91972 7.06 3.84349
0.94548 6.98 3.20895
0.95376 8.06 5.69265
0.94776 6.94 3.67594
0.96644 7.98 5.58976
0.9494 7.9 4.72002
0.9634 7.8 5.25706
0.95856 7.68 4.90157
0.97252 6.24 3.46903
0.94284 7.94 5.22237
0.96204 7 3.99386
0.95568 6.98 3.39394
0.96508 5.98 3.04333
0.91736 7.72 4.85707
0.9404 8 5.14681
0.93188 7.96 5.22872
0.9692 7.18 3.61604
0.95712 6.9 4.19971
0.94372 7.98 5.26248
0.97508 6 2.68356
0.97756 6 2.782
0.92508 8.52 5.78552
0.98128 6.78 3.30539
0.94368 8.32 5.66324
0.94532 8.02 5.76719
0.95196 6.86 3.7253
0.93848 7.9 4.99626
0.977 6.9 4.16789
0.96208 7.94 4.61062
0.92512 7.06 3.64811
0.93656 7.24 4.2028
0.94004 6.36 3.41953
0.94652 7.18 4.33549
0.9738 7 3.88308
0.9234 7.72 4.63359
0.92568 7.88 4.90231
0.93032 8.02 4.88491
0.92976 6.46 2.97989
0.9404 8.02 5.22881
0.94584 6.72 3.46184
0.95472 7.48 4.54548
0.97784 6 2.94982
0.93768 7 3.60686
0.94324 6.62 3.94528
0.95028 7.86 5.0665
0.97872 6.88 3.75853
0.97372 6.92 3.72869
0.96636 7 3.71359
0.94228 7.82 4.98969
0.97948 6 2.77647
0.97952 6 2.91238
0.91492 7.94 5.62097
0.94808 7.82 4.62943
0.9214 8.78 6.43547
0.9784 7 4.20606
0.9758 6.06 2.74601
0.97084 6.92 3.97416
0.94104 7.52 4.43305
0.9762 6.82 4.17626
0.9484 7.88 5.49804
0.95516 7.16 4.09224
0.95716 7.92 5.33909
0.9096 8 5.12976
0.95248 8.02 5.14384
0.96556 7 3.70457
0.96756 8.56 6.22517
0.92524 8.36 5.5126
0.96312 6.1 2.94576
0.9514 7.9 5.04306
0.92132 7.64 4.61968
0.9506 9.04 6.49893
0.96648 7 3.4308
0.94488 7.12 4.5183
0.93804 7.88 4.66524
0.94196 6.98 3.71062
0.94376 8.04 5.31601
0.9502 6.98 3.88627
0.93176 7.5 4.84066
0.95724 8.98 6.6546
0.96736 6.98 4.13187
0.9726 6.26 3.23285
0.97132 6.96 4.21755
0.9672 6.92 3.96884
0.94384 6.94 3.79732
0.95168 7.08 3.862
0.98224 5.98 2.70704
0.97476 6 2.75365
0.93148 8.1 5.14392
0.94304 8.54 6.02572
0.93008 7.84 5.18658
0.96684 7 3.89968
0.95196 7.86 5.05642
0.93576 7.64 4.756
0.96964 5.88 3.07207
0.92956 7.88 4.78748
0.96168 6.94 3.53685
0.94488 6.8 4.21192
0.95628 8.22 5.4766
0.97812 6.92 3.72889
0.9652 6.72 3.99682
0.94712 7.24 3.96521
0.95896 7.94 5.4689
0.94212 7.5 4.33977
0.96364 6 2.81441
0.96468 6.36 3.41689
0.9674 7 3.98369
0.96408 7.7 4.79685
0.97208 5.04 2.06687
0.92708 7.8 4.82935
0.92812 8.38 5.49396
0.9742 6.38 3.529
0.92752 7.96 4.83474
0.93828 7.94 4.84671
0.95188 7.96 5.13294
0.95328 7.86 4.98083
0.95684 7 3.84427
0.962 7.02 3.45125
0.9656 6.24 3.18287
0.95868 7.96 4.89024
0.96844 7.14 3.86909
0.96176 6.16 3.05424
0.95092 6.76 3.67226
0.9554 6.92 4.01479
0.93796 7.2 4.01344
0.93688 8.3 5.56024
0.94328 8.44 5.70066
0.91928 7 3.53823
0.92772 7.92 4.60638
0.93504 7.98 5.24522
0.95668 8.72 6.16494
0.94348 6.74 3.65958
0.96076 7.1 4.23574
0.93608 7.06 3.71966
0.96008 6.98 4.19244
0.96488 6 2.65319
0.95152 7.9 5.32524
0.97484 6 2.89716
0.94908 6.98 3.75785
0.94072 7.96 5.61806
0.93624 7.04 4.09591
0.93208 7.84 4.28371
0.93996 7.86 4.58318
0.9568 6.96 3.62179
0.95912 6.82 3.9236
0.95772 7.86 4.9221
0.95384 7.06 3.88163
0.91844 7.72 4.7533
0.92972 7.86 4.60335
0.92732 7.94 4.63471
0.91624 7.58 4.91957
0.95472 6.84 3.64991
0.9632 6.58 3.50662
0.94936 6.84 3.60569
0.9478 7.98 4.97712
0.95232 6 3.10182
0.96128 7.92 4.85192
0.94144 6.96 4.01102
0.97348 6.8 4.00203
0.95104 7.7 6.08456
0.9478 6.84 3.60855
0.9686 6.86 3.8789
0.938 7.84 5.06953
0.9688 7.84 5.27306
0.95104 6.98 3.65532
0.93704 7.88 4.76876
0.94092 7.78 4.45553
0.92448 8.66 6.04279
0.97292 6.96 3.99776
0.96052 8 5.37994
0.97428 6 3.34102
0.95292 7.88 4.79933
0.9508 6.98 3.88278
0.96152 6.4 3.99327
0.96576 6.62 3.79986
0.95896 7.26 4.03968
0.956 7 4.11572
0.97336 6 2.71713
0.92304 7 3.73429
0.97016 7 4.05378
0.97704 6.92 3.88667
0.96788 6.8 3.44263
0.93368 7.12 3.72216
0.95288 7.42 4.25942
0.97352 6 2.64414
0.93848 8 4.89909
0.94288 8.56 5.91942
0.92916 6.86 3.65639
0.95956 6.92 3.57702
0.95404 7 3.90647
0.96896 7 3.66747
0.97336 6 2.65089
0.94084 8.28 5.25458
0.95072 6.82 3.6795
0.93376 7.72 4.49369
0.92272 7.5 4.23016
0.95372 7.02 3.8088
0.96396 7.14 4.46702
0.96816 7 3.81739
0.93672 7.06 3.72543
0.95384 6 2.79309
0.95224 7.94 5.30305
0.956 7 3.94484
0.96524 6.96 4.0657
0.97752 6 2.59831
0.97172 6 2.52681
0.97032 7 3.66072
0.9562 7.56 4.60301
0.94472 7.5 4.81195
0.94008 6.78 3.87381
0.94512 8.74 6.46965
0.9662 6.94 4.00751
0.9464 7.38 4.28307
0.97492 6.96 3.98636
0.94652 6.92 4.06768
0.91612 7.96 5.04563
0.9412 8.48 6.45629
0.9466 6.88 3.57703
0.95484 7.66 4.98551
0.95292 6.28 3.12173
0.94216 7.88 5.32243
0.97036 6.46 3.54523
0.91664 7.88 5.06029
0.91208 8.82 6.3744
0.97336 6.02 2.54009
0.98036 6 2.86292
0.97236 6 2.67874
0.96248 7.54 4.32305
0.95304 7 4.16083
0.96636 7 3.82196
0.9502 7.88 5.05472
0.97016 6.98 4.08153
0.974 7.42 4.50617
0.92452 6.8 3.32184
0.96688 6.94 4.1618
0.97988 7 4.08806
0.97168 6.98 4.05688
0.9822 5.3 2.17156
0.93472 8.68 6.2807
0.96272 6.08 2.89267
0.95112 6.44 3.6175
0.94808 7.82 5.20749
0.94624 7.86 5.29737
0.95448 7.1 4.12977
0.94096 7.98 5.23156
0.9226 7.56 4.36428
0.93296 6.06 2.81331
0.95144 7.5 4.71907
0.9274 8 4.42479
0.92984 8.52 6.11644
0.9678 7 3.61849
0.9598 7.02 3.89983
0.9734 6.2 2.89748
0.93984 7.46 4.86155
0.95844 7.98 4.64917
0.90624 8.36 5.5857
0.97964 6.58 3.90727
0.92404 7.2 4.20289
0.92664 7.46 4.5577
0.9444 7.92 5.21443
0.95092 6.9 4.05243
0.93556 7.84 4.85454
0.96392 7 3.65849
0.93508 7.74 4.90258
0.95256 8 4.37835
0.91644 7.04 3.6397
0.9606 6.66 3.49343
0.9666 6.94 3.23846
0.95172 7 3.96786
0.94656 7.02 3.85525
0.95836 7 3.83118
0.93672 6.78 3.71673
0.95052 6.8 3.78096
0.97128 5.92 2.99841
0.95744 8.22 5.77564
0.9632 6.28 2.86363
0.94792 6.96 4.00416
0.9472 6.92 4.52254
0.968 7 4.12601
0.97036 6.04 3.51661
0.9396 7.94 5.13978
0.9746 6 2.90212
0.95152 8 4.86016
0.95756 8 5.05258
0.9458 7.96 4.92333
0.96024 7 3.96345
0.97348 5.92 3.00182
0.95872 7.1 4.21057
0.9572 6.86 3.55982
0.9734 6.14 2.82859
0.97596 6 2.98792
0.97432 5.92 3.23086
0.9296 7.26 4.71326
0.96944 7.22 4.04248
0.96912 7 3.81468
0.94264 7.4 3.98201
0.93512 8 4.50872
0.95128 7.76 4.92678
0.94196 7.2 3.82959
0.94848 6.96 3.5978
0.95844 7 3.95859
0.92116 6.94 4.08127
0.9316 7.98 5.27821
0.95152 7 3.94388
0.97288 6.02 3.0951
0.9136 7.42 4.527
0.97992 6.04 2.81571
0.93072 7.94 5.06806
0.974 6.7 3.98608
0.95188 7.96 5.17075
0.91632 7.38 3.85516
0.94728 6.84 3.94445
0.9526 8.08 5.06357
0.95752 7 3.9686
0.92384 7.96 4.52359
0.92176 8.82 6.68086
0.9608 7 3.59381
0.9516 7.48 4.63658
0.95208 8 4.72826
0.95424 7 4.06336
0.94744 7.24 4.85497
0.95252 7.94 4.84692
0.97856 5.76 2.15721
0.92236 7.56 4.91215
0.96556 6.94 3.58232
0.9444 7.78 5.56579
0.96936 7.84 4.83324
0.96756 6 2.61497
0.94944 7.06 3.73905
0.96084 6.9 3.59607
0.95936 6.56 3.26743
0.92648 8.7 6.59226
0.9656 6.96 4.32896
0.96492 6.94 3.86157
0.94252 7.94 5.24901
0.97652 6 2.98019
0.96092 5.9 2.95316
0.96224 7 4.16739
0.92016 8.36 5.70315
0.96152 7.74 5.2207
0.95412 7.96 4.55686
0.976 6.02 2.90371
0.94864 7 3.37638
0.97924 6 3.11595
0.94772 8 4.80812
0.98128 6.28 2.9625
0.94136 7.5 4.62562
0.94448 8.06 5.13017
0.95576 6.86 3.61109
0.95844 6.98 4.32205
0.9522 7.96 4.75083
0.93476 7.16 4.27251
0.96324 7.76 4.78731
0.95104 7.54 4.97322
0.91852 7.36 4.13233
0.92716 6.82 3.3636
0.97168 6 2.47497
0.95868 7.98 5.12179
0.95592 7.98 5.41972
0.9176 7.46 4.49873
0.94388 7.1 3.80237
0.96428 6.46 3.1537
0.96456 5.88 2.58277
0.93132 7.54 4.63422
0.96128 6.94 4.12941
0.97016 6.92 3.78523
0.96136 8.04 5.4709
0.93352 7.96 4.89728
0.95436 7.46 4.36549
0.93244 8.82 6.20272
0.94076 7.94 5.16752
0.95872 7.46 4.59173
0.9238 6.9 4.09605
0.93608 6.68 3.5496
0.97232 6.18 2.82342
0.96148 6 3.1988
0.94884 7.9 5.40378
0.97932 5.98 2.86595
0.96748 6.96 3.66252
0.93228 7.9 4.67165
0.98108 6 2.67845
0.97304 7 3.98809
0.95204 7.58 4.53601
0.96828 7 4.19234
0.95752 6.92 3.94582
0.97076 6.28 2.95493
0.97384 6.04 2.92449
0.95228 6.48 3.41166
0.91488 8.74 6.23285
0.98152 6.46 3.41323
0.94428 8.7 6.10228
0.9792 7 4.01494
0.96212 7.08 3.90188
0.97468 6.46 3.60792
0.94 7.98 5.36776
0.94384 6.82 3.67214
0.955 8.12 5.18216
0.9606 6.98 3.78401
0.95996 7.98 4.74973
0.96784 7 3.96866
0.92508 7.78 4.89585
0.97032 6.5 3.2562
0.95916 6.92 3.59733
0.9448 7 3.83561
