0.96768 6.06 3.32224
0.92742 8.45 5.92987
0.92972 7.01 3.86361
0.94072 8.62 6.21322
0.96456 6 2.58541
0.97446 7.09 4.13485
0.95784 7.33 4.19098
0.96324 6.95 3.65264
0.94318 7.47 4.908
0.93022 7.97 4.70388
0.9425 6.96 4.05546
0.94562 6.96 3.8563
0.92176 8.15 5.27156
0.93944 7.97 4.57926
0.94884 6.94 3.81591
0.95278 6.97 3.86668
0.9344 7.61 4.50503
0.93378 7.01 3.69946
0.93628 6.48 3.25471
0.96012 7.02 3.48692
0.96952 6.88 3.57921
0.91998 7.91 4.83231
0.91958 8.11 5.0799
0.93058 7.11 3.70359
0.93202 6.77 3.96092
0.95554 6.97 3.44147
0.90854 7.47 4.18487
0.94928 7.28 4.47015
0.92162 8.28 5.9776
0.9726 5.95 2.48347
0.95102 7.94 4.81399
0.9263 8.98 5.95736
0.92588 7.85 5.44012
0.94892 7.05 3.64342
0.94276 7.84 5.27767
0.93028 7.48 4.26805
0.95106 7.08 3.64362
0.95764 7.44 4.3969
0.9302 7.91 4.38874
0.96208 6 2.3161
0.95002 6.49 3.56528
0.93652 7.57 4.80686
0.9525 7.16 3.87859
0.93856 7.43 4.36914
0.94848 6.96 3.92843
0.9327 7.71 4.23857
0.93144 6.65 3.65069
0.95782 6.99 3.8608
0.94324 6.96 3.92336
0.9604 8.14 5.34954
0.93814 7.87 4.7128
0.93836 8.56 6.17809
0.9144 8.87 6.29641
0.95286 6.99 3.54923
0.96482 7.18 3.86733
0.94886 6.99 3.79843
0.90338 7.72 5.08594
0.94874 7.29 4.13174
0.9437 7.04 4.09685
0.94756 6.95 4.25816
0.94284 7.94 4.51321
0.9405 7.76 5.26378
0.95396 7.03 3.84016
0.90626 6.88 3.6742
0.94726 7 3.63404
0.93426 7.82 4.8176
0.9308 6.78 3.91698
0.94524 8.66 5.815
0.97714 6 2.89366
0.96854 6 2.65506
0.96522 7 4.03864
0.96238 7.18 3.63409
0.91438 7.63 4.52722
0.96306 6.88 4.04954
0.95642 7.98 4.74472
0.92844 6.88 3.64146
0.9521 7 4.17569
0.92462 7.94 4.90894
0.93664 7.45 4.61965
0.93488 7.2 3.92401
0.95826 5.96 3.00291
0.91008 7.59 4.18957
0.94434 6.74 4.04923
0.9527 6.99 3.68129
0.95602 7.09 4.41476
0.9342 7.91 4.58273
0.9427 7.58 4.71959
0.95796 7 3.79201
0.93612 8 4.89964
0.9514 7.92 4.50013
0.93394 7.89 5.06724
0.93592 7.84 4.77791
0.96532 6 2.68479
0.96592 5.98 2.79569
0.91658 7.51 4.79117
0.93706 6.9 3.37522
0.93408 7.68 4.73894
0.94534 6.95 3.65938
0.91512 7.27 4.39292
0.9357 7.18 4.10484
0.95796 6.29 3.08355
0.97182 5.99 2.6078
0.96178 6.93 3.99568
0.96218 7.81 4.6331
0.95766 6.53 3.2589
0.9717 6.96 3.82324
0.92054 7.92 4.79771
0.9404 6.72 3.33841
0.93148 7.77 5.18084
0.94218 6.94 3.99014
0.96776 5.97 2.59843
0.89966 8.92 6.24983
0.9065 7.95 5.08356
0.95782 7.54 4.89115
0.96758 6.01 2.8949
0.94594 7.09 3.3336
0.96102 7 3.76034
0.94446 6.58 3.26896
0.96392 7.06 3.69343
0.96626 6 2.64961
0.92718 7.98 4.73204
0.9421 6.82 3.83609
0.93834 7.92 4.74302
0.95564 6.94 4.11127
0.93116 8.65 6.00771
0.9485 7.95 4.59835
0.936 7.89 5.0558
0.97166 6 3.14661
0.93714 7.32 4.36693
0.91496 7.73 4.88727
0.9557 6.99 4.25877
0.94254 6.99 4.03731
0.97454 5.97 2.90511
0.94232 7.23 3.8258
0.9302 7.69 4.74265
0.93824 7.93 4.83492
0.94264 6.87 4.08532
0.9219 7.62 4.95579
0.95368 7 3.71399
0.94572 6.9 3.59069
0.9384 7.02 3.95121
0.92802 7.79 4.9231
0.9372 6.87 3.65817
0.93552 6.99 3.60133
0.9542 6.95 3.74344
0.96692 5.99 3.07203
0.91902 7.81 4.81473
0.95538 7.9 4.8593
0.94902 7.79 4.96311
0.96878 6.97 3.8387
0.92958 6.97 3.40936
0.9689 7.05 4.19058
0.95824 7.23 4.05634
0.92006 7.3 4.47886
0.94688 7.04 3.68416
0.94676 7.03 4.62532
0.92308 8.78 6.22138
0.92754 7.23 4.29469
0.9449 7.58 4.61856
0.93352 6.86 3.49667
0.94164 7.86 4.9726
0.98334 5.95 2.73591
0.92586 7.64 4.66385
0.95132 7.56 4.9164
0.92974 7.64 4.81162
0.90448 7.46 4.44421
0.95288 7 3.7109
0.91758 7.95 4.94259
0.97648 5.97 2.49187
0.93776 7.82 5.16234
0.93388 7.63 4.72579
0.965 6 3.08065
0.94278 8.93 6.27667
0.95578 6.88 3.66563
0.92456 7.4 4.09298
0.95408 6.94 3.86334
0.94988 6.88 3.61094
0.9587 6.99 4.04582
0.96062 6.99 3.80397
0.96586 5.95 2.67087
0.9515 6.98 3.60699
0.93624 7.94 5.33666
0.93124 7.34 4.25571
0.95368 7.68 4.66706
0.94388 7.5 4.43755
0.95742 5.99 2.6292
0.95896 6.84 3.61396
0.93352 7.86 4.93381
0.9606 6.05 2.74876
0.95818 6.98 3.78275
0.9791 6 2.67683
0.93644 7.76 4.93686
0.95918 6 2.70981
0.94592 6.95 3.8536
0.9345 7.95 5.39798
0.97124 6.86 3.4855
0.9484 8 5.3258
0.9261 7.95 4.49043
0.92494 7.43 4.25691
0.95308 7.93 4.66693
0.9744 6.3 3.34343
0.9363 7.31 4.32273
0.97108 6.98 3.81223
0.93818 7.63 4.39223
0.94768 7.97 5.10506
0.94956 7.68 5.49848
0.94368 7.3 4.32977
0.93594 7.63 4.31661
0.9429 7.29 4.11831
0.93778 7.54 4.35561
0.9261 8.23 5.41106
0.93708 7.69 4.7466
0.94814 6.92 3.73802
0.94814 7.05 3.53716
0.93248 7.79 4.74333
0.94114 7.92 4.72363
0.94436 6.97 3.47708
0.95716 7.62 5.03676
0.90796 7.42 4.28377
0.94246 7.59 4.83443
0.95574 7.06 3.70934
0.94906 7.19 3.92828
0.9613 6.99 3.83288
0.9472 7 3.58959
0.93552 7.97 4.99896
0.96752 6.77 3.73158
0.92632 8.88 6.31381
0.94662 7.13 4.55433
0.95404 6.56 3.30968
0.93264 7.27 4.48288
0.9583 6.97 3.65339
0.9433 6.96 4.28193
0.91976 7.74 4.92907
0.9376 7.75 5.38467
0.93654 7.85 4.76155
0.96898 7 3.81856
0.9408 8.43 5.85042
0.9697 6.58 3.20331
0.95618 6.99 3.72966
0.95644 7.99 4.50728
0.96186 7 3.68791
0.9407 7.73 5.24228
0.94988 6.97 4.08522
0.91686 7.79 4.90118
0.96876 6 2.94865
0.95516 7.99 5.03553
0.95258 7.05 3.75048
0.92336 7 3.32978
0.97392 6.01 2.61657
0.9406 7.21 3.80721
0.91384 7.67 5.37619
0.91868 7.07 3.63489
0.92752 7.33 4.85912
0.94532 6.89 3.37789
0.93334 8.96 6.38791
0.94904 6.48 3.42373
0.95304 7 3.46586
0.91272 7.43 4.41284
0.96284 7.16 3.60738
0.93694 6.87 3.96338
0.96856 6.24 3.20907
0.94974 7.98 5.31991
0.96474 6.96 3.8409
0.946 6.9 4.23022
0.93784 6.9 3.52878
0.95254 6.97 3.62899
0.97064 5.98 2.68432
0.96992 5.99 2.95297
0.94908 7.05 3.58904
0.93152 7.91 5.05246
0.95282 7.59 4.23289
0.95602 7.12 4.1487
0.96228 7 3.97629
0.93526 7.21 4.06619
0.97526 7.1 3.94937
0.93996 7.99 4.92953
0.95198 7.06 3.60579
0.89882 7.87 4.71276
0.94876 7.92 5.0769
0.95014 6.97 3.94125
0.95378 6.99 4.13404
0.96118 6.97 3.82225
0.93854 7.8 4.96954
0.93308 7.97 4.96782
0.94338 7.71 4.62794
0.9417 7.12 4.41908
0.95614 6.78 3.13748
0.95522 7.98 4.7153
0.93316 8.77 6.23255
0.93834 7.73 4.34657
0.93474 7.49 4.85872
0.94058 7.82 4.80275
0.9671 5.94 2.75044
0.95752 5.12 1.9732
0.95084 7.93 4.87772
0.92574 7.01 4.05704
0.9467 6.8 3.57945
0.96002 6.95 3.39946
0.94826 7.8 4.55375
0.95454 7.16 3.39309
0.92724 8.62 6.40672
0.94904 7.82 4.45507
0.93148 6.94 3.60503
0.96006 6 2.68873
0.95044 6.84 3.80202
0.94492 7.34 4.30955
0.9705 5.99 2.58682
0.93794 6.77 3.38505
0.9314 7.43 4.5409
0.92986 7.7 4.5159
0.92616 6.7 3.62591
0.9276 7.7 4.91294
0.94288 7.3 4.00632
0.95944 7.82 5.12099
0.94554 7 3.44571
0.93516 6.34 3.26105
0.94084 7.03 4.29007
0.9782 5.96 2.8195
0.93702 8.96 6.39006
0.97084 6.49 3.45303
0.94084 7.91 4.79203
0.9514 8 4.36334
0.94812 7.42 4.71714
0.94128 7.35 4.46284
0.93242 7.82 4.74976
0.9603 7.03 3.42199
0.9376 7.67 4.79194
0.94082 7.16 4.57357
0.93572 6.73 3.28555
0.9337 7.03 4.36495
0.92526 7.64 4.64319
0.93846 7.81 4.73587
0.9162 7.36 4.44105
0.9562 8.11 5.53385
0.9504 7.71 4.6375
0.943 7.47 4.31614
0.94838 7.19 3.88551
0.97522 5.96 3.17394
0.96466 6.83 3.8597
0.9285 7.07 3.91582
0.94316 7.09 3.89355
0.95374 6.49 3.51264
0.93812 7.02 4.19147
0.95852 6.94 3.56215
0.96726 7.04 4.15189
0.95788 7 4.01598
0.96946 6 2.75764
0.88514 8.46 5.85249
0.93654 7.47 4.61757
0.94972 6.69 3.71943
0.93016 8.18 5.47794
0.94468 7.71 4.64543
0.94544 7.45 4.87344
0.92648 6.97 4.06237
0.90428 7.94 5.08134
0.94742 7.65 4.27343
0.91344 6.88 3.66386
0.92756 7.87 4.77318
0.93554 7.48 4.66721
0.91894 8.61 5.93937
0.94192 6.95 3.96435
0.95114 6.94 3.56193
0.96308 6.03 2.81423
0.92186 7.52 4.34287
0.92774 7.92 4.75435
0.92318 6.77 3.54086
0.94864 7.96 4.78058
0.94378 7.57 4.69021
0.95862 6.98 3.17518
0.91892 7.03 4.14169
0.93084 7.85 4.99239
0.95306 6.95 3.74983
0.96418 6 2.57881
0.95982 7.84 4.38108
0.97396 5.96 2.62737
0.9529 7.58 4.93807
0.9593 8.05 5.56729
0.93564 7.43 4.61294
0.96212 7.31 4.16368
0.93028 7.04 4.07581
0.95706 6.98 3.78041
0.96968 6.21 2.95809
0.94052 6.87 3.92729
0.96718 6.99 3.953
0.94786 6.92 3.63312
0.93612 7.93 4.90877
0.91238 7.96 4.78625
0.95592 6.9 3.97755
0.93128 7.89 4.76328
0.95384 6.21 2.98171
0.95556 6 2.73112
0.94804 7.8 4.99019
0.96508 7 3.8493
0.91816 7.28 4.21322
0.97248 6.96 4.00502
0.93032 7.36 4.49804
0.96148 5.99 2.5897
0.9535 5.55 2.23044
0.96956 6 3.18031
0.9407 8.05 5.27191
0.94366 7.1 4.09353
0.9073 7.57 4.25093
0.94346 7 3.26238
0.93974 7.58 4.58871
0.95302 7 3.50691
0.93736 8.24 5.32833
0.91834 8.63 5.99917
0.92016 7.64 4.82311
0.94184 6.98 3.65028
0.95736 7.03 3.76738
0.95928 6.41 3.3868
0.93054 7.82 5.06398
0.93036 6.83 3.82245
0.96586 7.03 3.86816
0.9389 7.95 4.66691
0.96768 7.03 4.21545
0.9398 7.31 3.80003
0.96586 5.99 2.62396
0.92922 6.82 3.61132
0.95194 7.91 5.04993
